Training Results - Started at: 2025-04-17 19:23:42
Training Completed - Ended at: 2025-04-18 09:56:03
--------------------------------------------------------------------------------------------------------------------------------------------
|  Epoch   |    Semantic Loss  |    Detail Loss   |    Matte Loss    |       MSE        |       MAD      |  Inference Time   |
--------------------------------------------------------------------------------------------------------------------------------------------
|    1     |     41.029477     |     0.726016     |     0.617906     |     0.150135     |    0.165219    |       18.57       |
|    2     |     24.961643     |     0.598211     |     0.376039     |     0.101752     |    0.121126    |       14.64       |
|    3     |     19.787820     |     0.560017     |     0.306792     |     0.060959     |    0.073080    |       14.65       |
|    4     |     17.194446     |     0.539879     |     0.267444     |     0.061703     |    0.072157    |       14.43       |
|    5     |     15.134038     |     0.527168     |     0.242168     |     0.056663     |    0.066113    |       14.08       |
--------------------------------------------------------------------------------------------------------------------------------------------
|    6     |     13.628293     |     0.516794     |     0.222116     |     0.040759     |    0.047426    |       14.26       |
|    7     |     12.442007     |     0.509784     |     0.207336     |     0.035199     |    0.041670    |       14.16       |
|    8     |     11.680977     |     0.504489     |     0.195429     |     0.085608     |    0.096816    |       13.87       |
|    9     |     10.833964     |     0.500946     |     0.188566     |     0.067785     |    0.079370    |       14.57       |
|    10    |     9.913683      |     0.494570     |     0.175199     |     0.058884     |    0.067001    |       15.12       |
--------------------------------------------------------------------------------------------------------------------------------------------
|    11    |     9.516244      |     0.494207     |     0.176417     |     0.054076     |    0.060895    |       14.44       |
|    12    |     8.965947      |     0.490366     |     0.165665     |     0.038455     |    0.044752    |       14.77       |
|    13    |     8.457327      |     0.485448     |     0.156206     |     0.038809     |    0.045325    |       14.38       |
|    14    |     7.889707      |     0.483596     |     0.152422     |     0.054106     |    0.064474    |       14.55       |
|    15    |     6.942782      |     0.481960     |     0.145377     |     0.043441     |    0.050466    |       14.32       |
--------------------------------------------------------------------------------------------------------------------------------------------
|    16    |     6.275938      |     0.476319     |     0.134226     |     0.064937     |    0.073712    |       15.09       |
|    17    |     7.188621      |     0.476791     |     0.137520     |     0.056396     |    0.063903    |       15.26       |
|    18    |     6.581288      |     0.476566     |     0.136314     |     0.033441     |    0.039023    |       15.00       |
|    19    |     6.292575      |     0.474297     |     0.131707     |     0.036058     |    0.041382    |       14.52       |
|    20    |     5.588780      |     0.472927     |     0.127014     |     0.025272     |    0.030267    |       14.72       |
--------------------------------------------------------------------------------------------------------------------------------------------
|    21    |     5.357238      |     0.470774     |     0.123835     |     0.029235     |    0.034270    |       14.50       |
|    22    |     4.948421      |     0.468794     |     0.118471     |     0.031095     |    0.035914    |       14.86       |
|    23    |     4.938311      |     0.468202     |     0.118076     |     0.032285     |    0.037775    |       14.38       |
|    24    |     4.784658      |     0.466580     |     0.114945     |     0.027859     |    0.032481    |       14.57       |
|    25    |     4.444761      |     0.466271     |     0.112335     |     0.025339     |    0.029783    |       14.52       |
--------------------------------------------------------------------------------------------------------------------------------------------
|    26    |     3.878295      |     0.463747     |     0.107539     |     0.022724     |    0.027132    |       14.50       |
|    27    |     3.335456      |     0.461500     |     0.101043     |     0.023012     |    0.027489    |       14.53       |
|    28    |     3.207091      |     0.460715     |     0.099455     |     0.022989     |    0.027383    |       14.54       |
|    29    |     3.123749      |     0.460195     |     0.098228     |     0.022279     |    0.026594    |       14.54       |
|    30    |     3.033704      |     0.460487     |     0.097392     |     0.022734     |    0.027045    |       14.71       |
--------------------------------------------------------------------------------------------------------------------------------------------
|    31    |     2.979349      |     0.458679     |     0.096456     |     0.022335     |    0.026635    |       14.99       |
|    32    |     2.849527      |     0.458912     |     0.095685     |     0.023129     |    0.027580    |       14.91       |
|    33    |     2.814580      |     0.458655     |     0.095224     |     0.023519     |    0.027808    |       14.28       |
|    34    |     2.784799      |     0.458565     |     0.094497     |     0.023408     |    0.027744    |       15.03       |
|    35    |     2.736753      |     0.459076     |     0.094293     |     0.022362     |    0.026724    |       14.64       |
--------------------------------------------------------------------------------------------------------------------------------------------
|    36    |     2.686425      |     0.457947     |     0.093740     |     0.023342     |    0.027650    |       14.87       |
|    37    |     2.652032      |     0.458231     |     0.093233     |     0.022275     |    0.026572    |       14.85       |
|    38    |     2.638728      |     0.457317     |     0.092798     |     0.022686     |    0.027230    |       14.65       |
|    39    |     2.622781      |     0.458201     |     0.092825     |     0.022301     |    0.026583    |       15.11       |
|    40    |     2.597492      |     0.457604     |     0.092325     |     0.023853     |    0.028058    |       14.83       |
--------------------------------------------------------------------------------------------------------------------------------------------
|    41    |     2.550862      |     0.457561     |     0.091939     |     0.022694     |    0.026922    |       14.77       |
|    42    |     2.521557      |     0.457369     |     0.091400     |     0.022723     |    0.026937    |       14.75       |
|    43    |     2.480181      |     0.457143     |     0.091252     |     0.022436     |    0.026697    |       14.31       |
|    44    |     2.470213      |     0.456064     |     0.090786     |     0.022735     |    0.027043    |       14.50       |
|    45    |     2.448171      |     0.456948     |     0.090641     |     0.022433     |    0.026791    |       14.88       |
--------------------------------------------------------------------------------------------------------------------------------------------
|    46    |     2.411659      |     0.456897     |     0.090237     |     0.021410     |    0.025585    |       14.27       |
|    47    |     2.423790      |     0.456362     |     0.090235     |     0.022367     |    0.026817    |       14.38       |
|    48    |     2.374286      |     0.456388     |     0.089923     |     0.021770     |    0.026008    |       14.47       |
|    49    |     2.351723      |     0.456873     |     0.089336     |     0.022192     |    0.026577    |       14.40       |
|    50    |     2.312849      |     0.456211     |     0.089235     |     0.021960     |    0.026369    |       14.55       |
--------------------------------------------------------------------------------------------------------------------------------------------
|    51    |     2.271158      |     0.456478     |     0.088896     |     0.021439     |    0.025703    |       14.58       |
|    52    |     2.310612      |     0.455819     |     0.088761     |     0.022277     |    0.026642    |       14.82       |
|    53    |     2.280830      |     0.455468     |     0.088511     |     0.022327     |    0.026652    |       14.69       |
|    54    |     2.291423      |     0.455196     |     0.088545     |     0.022616     |    0.027125    |       15.01       |
|    55    |     2.288831      |     0.455838     |     0.088600     |     0.022784     |    0.027092    |       14.77       |
--------------------------------------------------------------------------------------------------------------------------------------------
|    56    |     2.281204      |     0.455353     |     0.088518     |     0.021851     |    0.026121    |       15.21       |
|    57    |     2.286459      |     0.455517     |     0.088429     |     0.021980     |    0.026227    |       14.88       |
|    58    |     2.270511      |     0.455978     |     0.088442     |     0.021963     |    0.026162    |       15.01       |
|    59    |     2.305711      |     0.455983     |     0.088427     |     0.021469     |    0.025733    |       14.91       |
|    60    |     2.278004      |     0.455455     |     0.088382     |     0.023023     |    0.027511    |       15.06       |
--------------------------------------------------------------------------------------------------------------------------------------------
|    61    |     2.235872      |     0.456007     |     0.088270     |     0.022520     |    0.026823    |       15.00       |
|    62    |     2.263261      |     0.455083     |     0.088170     |     0.022874     |    0.027317    |       15.00       |
|    63    |     2.254719      |     0.455865     |     0.088216     |     0.021616     |    0.025913    |       14.58       |
|    64    |     2.248193      |     0.455919     |     0.088168     |     0.021902     |    0.026165    |       14.49       |
|    65    |     2.240396      |     0.455269     |     0.087943     |     0.022344     |    0.026651    |       14.57       |
--------------------------------------------------------------------------------------------------------------------------------------------
|    66    |     2.240601      |     0.455738     |     0.088229     |     0.021814     |    0.025990    |       14.40       |
|    67    |     2.273668      |     0.455711     |     0.088258     |     0.021731     |    0.025925    |       14.48       |
|    68    |     2.252097      |     0.455484     |     0.088076     |     0.021595     |    0.025971    |       14.47       |
|    69    |     2.236896      |     0.455064     |     0.087911     |     0.022051     |    0.026383    |       14.52       |
|    70    |     2.222364      |     0.455714     |     0.087984     |     0.021229     |    0.025408    |       14.67       |
--------------------------------------------------------------------------------------------------------------------------------------------
|    71    |     2.237778      |     0.455561     |     0.087944     |     0.021783     |    0.026186    |       14.84       |
|    72    |     2.254560      |     0.455330     |     0.087932     |     0.021226     |    0.025419    |       14.54       |
|    73    |     2.207389      |     0.455670     |     0.087849     |     0.021527     |    0.025674    |       14.39       |
|    74    |     2.219545      |     0.455120     |     0.087808     |     0.022567     |    0.026935    |       14.81       |
|    75    |     2.231630      |     0.456028     |     0.087722     |     0.021655     |    0.025894    |       15.21       |
--------------------------------------------------------------------------------------------------------------------------------------------
|    76    |     2.219778      |     0.455498     |     0.087665     |     0.021794     |    0.026141    |       14.79       |
|    77    |     2.232864      |     0.455454     |     0.087676     |     0.021527     |    0.025759    |       14.78       |
|    78    |     2.213603      |     0.455398     |     0.087790     |     0.022005     |    0.026183    |       14.61       |
|    79    |     2.223860      |     0.455929     |     0.087757     |     0.021941     |    0.026083    |       14.75       |
|    80    |     2.215744      |     0.454938     |     0.087798     |     0.021317     |    0.025495    |       14.36       |
--------------------------------------------------------------------------------------------------------------------------------------------
|    81    |     2.240160      |     0.455893     |     0.087613     |     0.020983     |    0.025248    |       14.79       |
|    82    |     2.212270      |     0.455287     |     0.087550     |     0.021685     |    0.025911    |       14.58       |
|    83    |     2.227407      |     0.456057     |     0.087758     |     0.021765     |    0.026002    |       14.79       |
|    84    |     2.219650      |     0.455636     |     0.087802     |     0.021516     |    0.025709    |       14.64       |
|    85    |     2.243000      |     0.455088     |     0.087783     |     0.021179     |    0.025438    |       14.84       |
--------------------------------------------------------------------------------------------------------------------------------------------
|    86    |     2.229569      |     0.455179     |     0.087828     |     0.021706     |    0.025865    |       14.64       |
|    87    |     2.218247      |     0.455414     |     0.087656     |     0.021395     |    0.025617    |       15.01       |
|    88    |     2.225835      |     0.455248     |     0.087937     |     0.021540     |    0.025807    |       14.84       |
|    89    |     2.221394      |     0.456437     |     0.087807     |     0.021738     |    0.025966    |       15.20       |
|    90    |     2.219300      |     0.455618     |     0.087589     |     0.021508     |    0.025808    |       15.18       |
--------------------------------------------------------------------------------------------------------------------------------------------
|    91    |     2.232567      |     0.456259     |     0.087882     |     0.021785     |    0.025964    |       14.62       |
|    92    |     2.214677      |     0.455293     |     0.087620     |     0.021690     |    0.025965    |       14.48       |
|    93    |     2.217368      |     0.455263     |     0.087706     |     0.022034     |    0.026333    |       14.70       |
|    94    |     2.215229      |     0.455286     |     0.087680     |     0.022854     |    0.027136    |       14.64       |
|    95    |     2.226554      |     0.456085     |     0.087957     |     0.022432     |    0.026683    |       14.51       |
--------------------------------------------------------------------------------------------------------------------------------------------
|    96    |     2.242328      |     0.455852     |     0.087904     |     0.022091     |    0.026331    |       14.53       |
|    97    |     2.227112      |     0.455085     |     0.087762     |     0.021494     |    0.025756    |       14.38       |
|    98    |     2.215507      |     0.454465     |     0.087752     |     0.022504     |    0.026802    |       14.52       |
|    99    |     2.209235      |     0.454917     |     0.087718     |     0.021533     |    0.025788    |       14.50       |
|   100    |     2.204637      |     0.455395     |     0.087785     |     0.022320     |    0.026547    |       14.91       |
--------------------------------------------------------------------------------------------------------------------------------------------
