Training Results - Started at: 2025-06-29 13:21:32
Training Completed - Ended at: 2025-06-30 09:51:52
------------------------------------------------------------------------------------------------------------------------------
|  Epoch   |    Semantic Loss  |    Detail Loss   |    Matte Loss    |       MSE        |       MAD      |  Inference Time   |
------------------------------------------------------------------------------------------------------------------------------
|    1     |     35.789532     |     0.692537     |     0.584890     |     0.181212     |    0.202017    |       16.07       |
|    2     |     21.989166     |     0.573702     |     0.348885     |     0.064426     |    0.079853    |       15.41       |
|    3     |     17.648451     |     0.545017     |     0.282095     |     0.127607     |    0.146557    |       14.09       |
|    4     |     15.188611     |     0.529176     |     0.249333     |     0.042543     |    0.051265    |       15.77       |
|    5     |     13.287627     |     0.518932     |     0.225972     |     0.045930     |    0.053329    |       14.12       |
------------------------------------------------------------------------------------------------------------------------------
|    6     |     12.609612     |     0.512478     |     0.211851     |     0.116479     |    0.132042    |       13.99       |
|    7     |     11.192442     |     0.506738     |     0.202620     |     0.070378     |    0.079949    |       13.98       |
|    8     |     10.649738     |     0.501549     |     0.188969     |     0.040054     |    0.046748    |       14.03       |
|    9     |     9.970625      |     0.498513     |     0.183383     |     0.101008     |    0.112973    |       15.63       |
|    10    |     9.491428      |     0.498660     |     0.183763     |     0.035323     |    0.041061    |       14.50       |
------------------------------------------------------------------------------------------------------------------------------
|    11    |     8.820886      |     0.492240     |     0.167757     |     0.048270     |    0.055946    |       15.48       |
|    12    |     8.463313      |     0.490277     |     0.163660     |     0.045451     |    0.054000    |       15.38       |
|    13    |     8.004097      |     0.487860     |     0.157966     |     0.036958     |    0.043819    |       14.15       |
|    14    |     7.601353      |     0.485331     |     0.154789     |     0.044753     |    0.052517    |       14.12       |
|    15    |     7.029788      |     0.483241     |     0.148740     |     0.039915     |    0.046521    |       15.62       |
------------------------------------------------------------------------------------------------------------------------------
|    16    |     6.757161      |     0.480383     |     0.141604     |     0.027670     |    0.032881    |       14.20       |
|    17    |     6.055376      |     0.478061     |     0.135264     |     0.027378     |    0.033098    |       15.40       |
|    18    |     6.128323      |     0.477646     |     0.134541     |     0.028631     |    0.033386    |       14.29       |
|    19    |     5.764636      |     0.474998     |     0.128906     |     0.085802     |    0.095043    |       15.00       |
|    20    |     5.807949      |     0.475606     |     0.131307     |     0.024950     |    0.029927    |       14.07       |
------------------------------------------------------------------------------------------------------------------------------
|    21    |     5.641481      |     0.474640     |     0.128910     |     0.031483     |    0.036497    |       14.51       |
|    22    |     5.123061      |     0.472061     |     0.125398     |     0.025266     |    0.030000    |       15.67       |
|    23    |     4.615660      |     0.468461     |     0.115776     |     0.022521     |    0.026894    |       14.23       |
|    24    |     4.906599      |     0.468049     |     0.116311     |     0.020147     |    0.024160    |       13.88       |
|    25    |     5.672813      |     0.469529     |     0.119274     |     0.039691     |    0.045728    |       14.82       |
------------------------------------------------------------------------------------------------------------------------------
|    26    |     5.324931      |     0.472046     |     0.125313     |     0.019458     |    0.023778    |       15.61       |
|    27    |     4.252250      |     0.465715     |     0.110185     |     0.018980     |    0.023103    |       14.12       |
|    28    |     3.996642      |     0.464650     |     0.106643     |     0.018631     |    0.022667    |       15.77       |
|    29    |     3.777204      |     0.463936     |     0.104105     |     0.018106     |    0.022148    |       15.49       |
|    30    |     3.639032      |     0.463570     |     0.102467     |     0.018679     |    0.022647    |       14.68       |
------------------------------------------------------------------------------------------------------------------------------
|    31    |     3.572783      |     0.462580     |     0.101388     |     0.018048     |    0.022020    |       15.76       |
|    32    |     3.481973      |     0.462053     |     0.100282     |     0.017679     |    0.021586    |       15.59       |
|    33    |     3.442679      |     0.460429     |     0.099319     |     0.016394     |    0.020284    |       14.33       |
|    34    |     3.397736      |     0.460926     |     0.098565     |     0.016664     |    0.020596    |       15.32       |
|    35    |     3.317388      |     0.460712     |     0.097975     |     0.017239     |    0.021234    |       14.16       |
------------------------------------------------------------------------------------------------------------------------------
|    36    |     3.285222      |     0.461055     |     0.097519     |     0.017032     |    0.020914    |       14.46       |
|    37    |     3.251249      |     0.460653     |     0.096841     |     0.018409     |    0.022397    |       13.97       |
|    38    |     3.202299      |     0.459864     |     0.096450     |     0.017413     |    0.021335    |       15.09       |
|    39    |     3.155764      |     0.460177     |     0.095991     |     0.017299     |    0.021237    |       15.55       |
|    40    |     3.122488      |     0.459672     |     0.095228     |     0.017022     |    0.020908    |       14.78       |
------------------------------------------------------------------------------------------------------------------------------
|    41    |     3.098456      |     0.459995     |     0.094857     |     0.017846     |    0.021691    |       14.70       |
|    42    |     3.081246      |     0.459280     |     0.094572     |     0.017716     |    0.021683    |       13.75       |
|    43    |     3.034288      |     0.459556     |     0.093996     |     0.017442     |    0.021365    |       14.10       |
|    44    |     3.026896      |     0.459234     |     0.093938     |     0.017687     |    0.021600    |       15.29       |
|    45    |     3.001823      |     0.459146     |     0.093429     |     0.016456     |    0.020311    |       14.11       |
------------------------------------------------------------------------------------------------------------------------------
|    46    |     2.944733      |     0.458620     |     0.092950     |     0.017603     |    0.021537    |       14.38       |
|    47    |     2.929053      |     0.458230     |     0.092603     |     0.016665     |    0.020620    |       14.84       |
|    48    |     2.933280      |     0.458486     |     0.092307     |     0.015380     |    0.019255    |       14.07       |
|    49    |     2.906793      |     0.458062     |     0.092141     |     0.017180     |    0.021139    |       14.31       |
|    50    |     2.897414      |     0.458151     |     0.091943     |     0.016783     |    0.020690    |       14.73       |
------------------------------------------------------------------------------------------------------------------------------
|    51    |     2.872853      |     0.457559     |     0.091306     |     0.017299     |    0.021196    |       15.96       |
|    52    |     2.840430      |     0.457246     |     0.090975     |     0.017655     |    0.021556    |       15.74       |
|    53    |     2.841304      |     0.457449     |     0.090790     |     0.017526     |    0.021456    |       16.24       |
|    54    |     2.823956      |     0.457713     |     0.090968     |     0.017622     |    0.021543    |       14.93       |
|    55    |     2.872534      |     0.457929     |     0.091002     |     0.017055     |    0.020944    |       15.81       |
------------------------------------------------------------------------------------------------------------------------------
|    56    |     2.820637      |     0.457968     |     0.090890     |     0.017981     |    0.021896    |       15.62       |
|    57    |     2.855493      |     0.457417     |     0.090942     |     0.017082     |    0.020988    |       15.40       |
|    58    |     2.850346      |     0.457140     |     0.090742     |     0.016918     |    0.020783    |       14.46       |
|    59    |     2.837265      |     0.456942     |     0.090748     |     0.016944     |    0.020837    |       15.22       |
|    60    |     2.826759      |     0.457258     |     0.090794     |     0.017583     |    0.021494    |       14.24       |
------------------------------------------------------------------------------------------------------------------------------
|    61    |     2.839336      |     0.457141     |     0.090627     |     0.017517     |    0.021444    |       14.87       |
|    62    |     2.814992      |     0.456992     |     0.090601     |     0.017092     |    0.020983    |       15.24       |
|    63    |     2.794079      |     0.456957     |     0.090502     |     0.016721     |    0.020601    |       14.26       |
|    64    |     2.818498      |     0.457350     |     0.090407     |     0.017022     |    0.020965    |       14.19       |
|    65    |     2.812876      |     0.457376     |     0.090605     |     0.017362     |    0.021279    |       14.65       |
------------------------------------------------------------------------------------------------------------------------------
|    66    |     2.826255      |     0.457542     |     0.090519     |     0.017859     |    0.021878    |       14.30       |
|    67    |     2.833083      |     0.457374     |     0.090608     |     0.017065     |    0.020937    |       14.14       |
|    68    |     2.790053      |     0.457057     |     0.090286     |     0.017080     |    0.021000    |       15.43       |
|    69    |     2.823061      |     0.457127     |     0.090486     |     0.017410     |    0.021377    |       14.44       |
|    70    |     2.813134      |     0.457947     |     0.090320     |     0.016895     |    0.020807    |       15.05       |
------------------------------------------------------------------------------------------------------------------------------
|    71    |     2.797919      |     0.456921     |     0.090286     |     0.016928     |    0.020780    |       14.41       |
|    72    |     2.779819      |     0.456918     |     0.090192     |     0.017703     |    0.021631    |       15.43       |
|    73    |     2.795104      |     0.457745     |     0.090259     |     0.018131     |    0.022017    |       14.99       |
|    74    |     2.780134      |     0.458309     |     0.090181     |     0.017254     |    0.021153    |       15.85       |
|    75    |     2.780767      |     0.456742     |     0.090110     |     0.017951     |    0.021895    |       15.50       |
------------------------------------------------------------------------------------------------------------------------------
|    76    |     2.789151      |     0.457368     |     0.090083     |     0.017877     |    0.021789    |       15.43       |
|    77    |     2.799647      |     0.457395     |     0.090348     |     0.016705     |    0.020564    |       14.91       |
|    78    |     2.804518      |     0.457670     |     0.090219     |     0.017348     |    0.021280    |       14.28       |
|    79    |     2.771441      |     0.457628     |     0.090229     |     0.017378     |    0.021301    |       14.11       |
|    80    |     2.787643      |     0.457376     |     0.090196     |     0.017891     |    0.021846    |       14.24       |
------------------------------------------------------------------------------------------------------------------------------
|    81    |     2.772323      |     0.457717     |     0.090189     |     0.016584     |    0.020469    |       15.89       |
|    82    |     2.810267      |     0.457741     |     0.090345     |     0.017112     |    0.021049    |       15.39       |
|    83    |     2.781253      |     0.457329     |     0.090300     |     0.017001     |    0.020863    |       14.82       |
|    84    |     2.790548      |     0.457377     |     0.090293     |     0.017762     |    0.021704    |       15.58       |
|    85    |     2.792733      |     0.457126     |     0.090116     |     0.017666     |    0.021544    |       14.18       |
------------------------------------------------------------------------------------------------------------------------------
|    86    |     2.770481      |     0.456533     |     0.090238     |     0.017967     |    0.021873    |       15.02       |
|    87    |     2.777989      |     0.456602     |     0.090186     |     0.016550     |    0.020451    |       14.05       |
|    88    |     2.807480      |     0.456875     |     0.090306     |     0.016891     |    0.020735    |       14.35       |
|    89    |     2.786779      |     0.457844     |     0.090229     |     0.016789     |    0.020679    |       14.29       |
|    90    |     2.780852      |     0.457385     |     0.090006     |     0.017027     |    0.020920    |       15.05       |
------------------------------------------------------------------------------------------------------------------------------
|    91    |     2.792578      |     0.457006     |     0.090191     |     0.017098     |    0.021004    |       16.20       |
|    92    |     2.798683      |     0.456816     |     0.090147     |     0.016438     |    0.020339    |       15.41       |
|    93    |     2.788762      |     0.456851     |     0.090032     |     0.017029     |    0.020966    |       15.57       |
|    94    |     2.768925      |     0.457077     |     0.089852     |     0.017164     |    0.021066    |       15.10       |
|    95    |     2.812915      |     0.457523     |     0.090155     |     0.016617     |    0.020508    |       14.41       |
------------------------------------------------------------------------------------------------------------------------------
|    96    |     2.801993      |     0.457673     |     0.090232     |     0.016250     |    0.020103    |       15.10       |
|    97    |     2.764705      |     0.457034     |     0.090076     |     0.016912     |    0.020804    |       15.13       |
|    98    |     2.790019      |     0.457276     |     0.090239     |     0.017758     |    0.021635    |       15.13       |
|    99    |     2.776841      |     0.457133     |     0.090081     |     0.017109     |    0.021000    |       13.97       |
|   100    |     2.783830      |     0.456904     |     0.090150     |     0.016715     |    0.020580    |       15.23       |
------------------------------------------------------------------------------------------------------------------------------
