Training Results - Started at: 2024-12-25 13:16:46
Training Completed - Ended at: 2024-12-25 18:26:18
-------------------------------------------------------------------------------------------------------------------------------
|  Epoch   |    Semantic Loss     |     Detail Loss      |      Matte Loss      |         MSE          |         MAD          |
-------------------------------------------------------------------------------------------------------------------------------
|    1     |       40.187260      |       0.529441       |       0.586370       |       0.283005       |       0.308523       |
|    2     |       25.896646      |       0.334656       |       0.349173       |       0.160476       |       0.178141       |
|    3     |       21.461116      |       0.288650       |       0.294500       |       0.048979       |       0.057254       |
|    4     |       18.592902      |       0.264577       |       0.265464       |       0.106406       |       0.119511       |
|    5     |       17.170679      |       0.252666       |       0.250976       |       0.126484       |       0.137611       |
-------------------------------------------------------------------------------------------------------------------------------
|    6     |       14.681993      |       0.235861       |       0.231384       |       0.102821       |       0.110827       |
|    7     |       14.234409      |       0.223247       |       0.216450       |       0.095052       |       0.105185       |
|    8     |       13.693799      |       0.235130       |       0.233624       |       0.051293       |       0.058427       |
|    9     |       12.008738      |       0.205253       |       0.194878       |       0.034874       |       0.040768       |
|    10    |       10.797455      |       0.197385       |       0.184957       |       0.056173       |       0.062913       |
-------------------------------------------------------------------------------------------------------------------------------
|    11    |       8.587494       |       0.185182       |       0.170001       |       0.030323       |       0.035505       |
|    12    |       7.516457       |       0.175599       |       0.156608       |       0.031916       |       0.037176       |
|    13    |       7.230969       |       0.172192       |       0.152248       |       0.033289       |       0.039016       |
|    14    |       6.894293       |       0.170590       |       0.149854       |       0.032537       |       0.037979       |
|    15    |       6.643920       |       0.169000       |       0.148082       |       0.033599       |       0.039426       |
-------------------------------------------------------------------------------------------------------------------------------
|    16    |       6.409040       |       0.167146       |       0.145264       |       0.031913       |       0.037397       |
|    17    |       6.287732       |       0.166181       |       0.143958       |       0.028146       |       0.033184       |
|    18    |       6.140595       |       0.164518       |       0.142014       |       0.031000       |       0.036331       |
|    19    |       5.988187       |       0.164250       |       0.141367       |       0.028672       |       0.033664       |
|    20    |       5.818480       |       0.162757       |       0.139741       |       0.029442       |       0.034458       |
-------------------------------------------------------------------------------------------------------------------------------
|    21    |       5.690135       |       0.161221       |       0.137780       |       0.028410       |       0.033317       |
|    22    |       5.572336       |       0.161130       |       0.137186       |       0.028507       |       0.033454       |
|    23    |       5.613909       |       0.160852       |       0.136815       |       0.029171       |       0.034305       |
|    24    |       5.544530       |       0.160811       |       0.136927       |       0.029298       |       0.034293       |
|    25    |       5.499088       |       0.160263       |       0.136376       |       0.028507       |       0.033576       |
-------------------------------------------------------------------------------------------------------------------------------
|    26    |       5.474867       |       0.160245       |       0.136134       |       0.028791       |       0.033814       |
|    27    |       5.463550       |       0.160056       |       0.135822       |       0.030098       |       0.035317       |
|    28    |       5.477308       |       0.160086       |       0.135876       |       0.029950       |       0.035120       |
|    29    |       5.423670       |       0.159719       |       0.135504       |       0.029649       |       0.034747       |
|    30    |       5.500285       |       0.159801       |       0.135729       |       0.028450       |       0.033438       |
-------------------------------------------------------------------------------------------------------------------------------
|    31    |       5.426135       |       0.159731       |       0.135576       |       0.028833       |       0.033872       |
|    32    |       5.480638       |       0.159955       |       0.135687       |       0.030419       |       0.035576       |
|    33    |       5.451016       |       0.159748       |       0.135548       |       0.029403       |       0.034515       |
|    34    |       5.435141       |       0.159267       |       0.135020       |       0.029073       |       0.034133       |
|    35    |       5.437326       |       0.159605       |       0.135354       |       0.028702       |       0.033664       |
-------------------------------------------------------------------------------------------------------------------------------
|    36    |       5.439006       |       0.159692       |       0.135287       |       0.028358       |       0.033295       |
|    37    |       5.414220       |       0.159599       |       0.135364       |       0.029170       |       0.034211       |
|    38    |       5.444544       |       0.159513       |       0.135275       |       0.030143       |       0.035255       |
|    39    |       5.416786       |       0.159763       |       0.135442       |       0.029878       |       0.034821       |
|    40    |       5.448553       |       0.159363       |       0.135204       |       0.028256       |       0.033118       |
-------------------------------------------------------------------------------------------------------------------------------
