Training Results - Started at: 2024-12-23 23:32:03
Training Completed - Ended at: 2024-12-24 04:35:43
-------------------------------------------------------------------------------------------------------------------------------
|  Epoch   |    Semantic Loss     |     Detail Loss      |      Matte Loss      |         MSE          |         MAD          |
-------------------------------------------------------------------------------------------------------------------------------
|    1     |       36.684550      |       0.548293       |       0.601131       |       0.203431       |       0.220519       |
|    2     |       22.837867      |       0.363380       |       0.360001       |       0.148786       |       0.164026       |
|    3     |       18.456763      |       0.310108       |       0.299188       |       0.043483       |       0.051373       |
|    4     |       16.001413      |       0.281752       |       0.268301       |       0.205754       |       0.222586       |
|    5     |       14.453981      |       0.253932       |       0.241384       |       0.063182       |       0.073211       |
-------------------------------------------------------------------------------------------------------------------------------
|    6     |       13.142808      |       0.230571       |       0.217798       |       0.069741       |       0.080111       |
|    7     |       11.385651      |       0.216434       |       0.200549       |       0.057960       |       0.066124       |
|    8     |       10.999832      |       0.204114       |       0.188447       |       0.041793       |       0.047958       |
|    9     |       10.248143      |       0.195085       |       0.179231       |       0.055032       |       0.062758       |
|    10    |       9.403892       |       0.190023       |       0.174153       |       0.289181       |       0.302299       |
-------------------------------------------------------------------------------------------------------------------------------
|    11    |       7.834401       |       0.180671       |       0.163694       |       0.025049       |       0.030410       |
|    12    |       6.665228       |       0.169311       |       0.146986       |       0.024541       |       0.029894       |
|    13    |       6.289100       |       0.166197       |       0.142966       |       0.025158       |       0.030475       |
|    14    |       5.976013       |       0.163789       |       0.140067       |       0.025759       |       0.030935       |
|    15    |       5.781189       |       0.162248       |       0.137898       |       0.025864       |       0.031142       |
-------------------------------------------------------------------------------------------------------------------------------
|    16    |       5.610496       |       0.160884       |       0.136202       |       0.026609       |       0.032051       |
|    17    |       5.433359       |       0.159697       |       0.134518       |       0.027881       |       0.033555       |
|    18    |       5.335823       |       0.158585       |       0.133162       |       0.022225       |       0.027130       |
|    19    |       5.167841       |       0.157189       |       0.131595       |       0.024116       |       0.029223       |
|    20    |       5.066102       |       0.156119       |       0.130230       |       0.023403       |       0.028599       |
-------------------------------------------------------------------------------------------------------------------------------
|    21    |       4.893647       |       0.154672       |       0.128625       |       0.026222       |       0.031397       |
|    22    |       4.840237       |       0.154424       |       0.128169       |       0.024470       |       0.029634       |
|    23    |       4.830629       |       0.154298       |       0.127898       |       0.026381       |       0.031773       |
|    24    |       4.814136       |       0.153655       |       0.127302       |       0.024530       |       0.029673       |
|    25    |       4.805264       |       0.153928       |       0.127563       |       0.025093       |       0.030394       |
-------------------------------------------------------------------------------------------------------------------------------
|    26    |       4.803609       |       0.153568       |       0.127290       |       0.025722       |       0.031097       |
|    27    |       4.774545       |       0.153488       |       0.127125       |       0.025906       |       0.031241       |
|    28    |       4.741898       |       0.153417       |       0.127120       |       0.025046       |       0.030123       |
|    29    |       4.725678       |       0.153379       |       0.126833       |       0.024400       |       0.029514       |
|    30    |       4.714833       |       0.153350       |       0.126796       |       0.024778       |       0.029846       |
-------------------------------------------------------------------------------------------------------------------------------
|    31    |       4.684526       |       0.153233       |       0.126750       |       0.024730       |       0.029875       |
|    32    |       4.700500       |       0.152967       |       0.126477       |       0.023705       |       0.028726       |
|    33    |       4.713664       |       0.153018       |       0.126643       |       0.024608       |       0.029700       |
|    34    |       4.683397       |       0.153202       |       0.126637       |       0.025221       |       0.030280       |
|    35    |       4.725409       |       0.152832       |       0.126342       |       0.025846       |       0.031092       |
-------------------------------------------------------------------------------------------------------------------------------
|    36    |       4.705852       |       0.153156       |       0.126706       |       0.023873       |       0.028902       |
|    37    |       4.701950       |       0.152994       |       0.126432       |       0.024869       |       0.030108       |
|    38    |       4.698549       |       0.153135       |       0.126442       |       0.023715       |       0.028727       |
|    39    |       4.733861       |       0.152973       |       0.126521       |       0.025121       |       0.030312       |
|    40    |       4.680040       |       0.153042       |       0.126537       |       0.024219       |       0.029281       |
-------------------------------------------------------------------------------------------------------------------------------
