Training Results - Started at: 2024-12-31 15:06:35
Training Completed - Ended at: 2025-01-01 03:14:56
-------------------------------------------------------------------------------------------------------------------------------
|  Epoch   |    Semantic Loss     |     Detail Loss      |      Matte Loss      |         MSE          |         MAD          |
-------------------------------------------------------------------------------------------------------------------------------
|    1     |       38.022445      |       0.541723       |       0.602882       |       0.137411       |       0.149924       |
|    2     |       23.617646      |       0.351860       |       0.358011       |       0.072385       |       0.086229       |
|    3     |       19.180532      |       0.299922       |       0.296781       |       0.139009       |       0.158561       |
|    4     |       16.502941      |       0.274450       |       0.266713       |       0.124214       |       0.139358       |
|    5     |       14.952192      |       0.252090       |       0.242484       |       0.120828       |       0.136022       |
-------------------------------------------------------------------------------------------------------------------------------
|    6     |       13.618166      |       0.235788       |       0.225642       |       0.183824       |       0.201636       |
|    7     |       12.204932      |       0.220450       |       0.209004       |       0.176456       |       0.194045       |
|    8     |       11.308516      |       0.208279       |       0.195974       |       0.275463       |       0.290610       |
|    9     |       11.129084      |       0.201657       |       0.189991       |       0.113520       |       0.128320       |
|    10    |       9.426785       |       0.188686       |       0.173648       |       0.057421       |       0.068347       |
-------------------------------------------------------------------------------------------------------------------------------
|    11    |       8.958136       |       0.182672       |       0.167479       |       0.120703       |       0.135019       |
|    12    |       7.736328       |       0.174602       |       0.157660       |       0.066294       |       0.078035       |
|    13    |       8.158658       |       0.168075       |       0.151731       |       0.056863       |       0.064380       |
|    14    |       7.495600       |       0.166666       |       0.150322       |       0.052087       |       0.060227       |
|    15    |       6.383858       |       0.158760       |       0.140603       |       0.074800       |       0.082685       |
-------------------------------------------------------------------------------------------------------------------------------
|    16    |       6.536029       |       0.156179       |       0.138319       |       0.071739       |       0.084580       |
|    17    |       6.633205       |       0.154529       |       0.137156       |       0.146656       |       0.156838       |
|    18    |       5.771393       |       0.150317       |       0.131016       |       0.028220       |       0.034006       |
|    19    |       5.345593       |       0.145670       |       0.126270       |       0.055204       |       0.064294       |
|    20    |       5.496497       |       0.145506       |       0.126425       |       0.027625       |       0.033558       |
-------------------------------------------------------------------------------------------------------------------------------
|    21    |       5.098105       |       0.144384       |       0.126013       |       0.030280       |       0.036596       |
|    22    |       5.524960       |       0.139961       |       0.120948       |       0.054697       |       0.062809       |
|    23    |       5.103755       |       0.144637       |       0.126789       |       0.029361       |       0.034974       |
|    24    |       4.378318       |       0.134780       |       0.114054       |       0.073573       |       0.081851       |
|    25    |       5.379518       |       0.136401       |       0.116763       |       0.025008       |       0.030596       |
-------------------------------------------------------------------------------------------------------------------------------
|    26    |       3.964173       |       0.131702       |       0.110777       |       0.021814       |       0.026579       |
|    27    |       3.383709       |       0.125800       |       0.103256       |       0.021955       |       0.026783       |
|    28    |       3.227784       |       0.123736       |       0.101023       |       0.020479       |       0.025026       |
|    29    |       3.030159       |       0.122180       |       0.099012       |       0.020342       |       0.024874       |
|    30    |       2.942554       |       0.121126       |       0.097896       |       0.020761       |       0.025550       |
-------------------------------------------------------------------------------------------------------------------------------
|    31    |       2.851346       |       0.120239       |       0.096954       |       0.020836       |       0.025504       |
|    32    |       2.798630       |       0.119429       |       0.096033       |       0.019885       |       0.024465       |
|    33    |       2.748145       |       0.118680       |       0.095187       |       0.020787       |       0.025497       |
|    34    |       2.677478       |       0.118360       |       0.094720       |       0.018528       |       0.023265       |
|    35    |       2.649443       |       0.117700       |       0.093987       |       0.018801       |       0.023393       |
-------------------------------------------------------------------------------------------------------------------------------
|    36    |       2.573848       |       0.117007       |       0.093167       |       0.019525       |       0.024096       |
|    37    |       2.577557       |       0.116779       |       0.093035       |       0.019148       |       0.023673       |
|    38    |       2.506073       |       0.115920       |       0.092141       |       0.021218       |       0.025757       |
|    39    |       2.445309       |       0.115711       |       0.091798       |       0.020622       |       0.025141       |
|    40    |       2.433863       |       0.115440       |       0.091411       |       0.019362       |       0.024063       |
-------------------------------------------------------------------------------------------------------------------------------
|    41    |       2.395817       |       0.114823       |       0.090848       |       0.019000       |       0.023598       |
|    42    |       2.367237       |       0.114460       |       0.090439       |       0.020663       |       0.025374       |
|    43    |       2.341439       |       0.114174       |       0.090171       |       0.018045       |       0.022661       |
|    44    |       2.316906       |       0.113830       |       0.089859       |       0.020161       |       0.024729       |
|    45    |       2.300509       |       0.113426       |       0.089339       |       0.019750       |       0.024328       |
-------------------------------------------------------------------------------------------------------------------------------
|    46    |       2.243334       |       0.112826       |       0.088734       |       0.019106       |       0.023782       |
|    47    |       2.216225       |       0.112642       |       0.088516       |       0.019841       |       0.024449       |
|    48    |       2.201015       |       0.112279       |       0.088169       |       0.020226       |       0.024788       |
|    49    |       2.197479       |       0.111710       |       0.087689       |       0.019842       |       0.024479       |
|    50    |       2.155128       |       0.111667       |       0.087560       |       0.020259       |       0.024922       |
-------------------------------------------------------------------------------------------------------------------------------
|    51    |       2.126658       |       0.111203       |       0.086944       |       0.019801       |       0.024477       |
|    52    |       2.103745       |       0.110997       |       0.086741       |       0.019389       |       0.024035       |
|    53    |       2.117117       |       0.110933       |       0.086717       |       0.020252       |       0.025014       |
|    54    |       2.099542       |       0.110895       |       0.086720       |       0.018798       |       0.023498       |
|    55    |       2.098677       |       0.111002       |       0.086780       |       0.019250       |       0.023854       |
-------------------------------------------------------------------------------------------------------------------------------
|    56    |       2.098940       |       0.110823       |       0.086658       |       0.019838       |       0.024530       |
|    57    |       2.082121       |       0.110689       |       0.086540       |       0.019159       |       0.023771       |
|    58    |       2.091044       |       0.110910       |       0.086659       |       0.019208       |       0.023761       |
|    59    |       2.092904       |       0.110933       |       0.086822       |       0.019987       |       0.024572       |
|    60    |       2.092575       |       0.110786       |       0.086520       |       0.019190       |       0.023806       |
-------------------------------------------------------------------------------------------------------------------------------
|    61    |       2.072744       |       0.110683       |       0.086444       |       0.018501       |       0.023085       |
|    62    |       2.077402       |       0.110572       |       0.086406       |       0.019630       |       0.024235       |
|    63    |       2.098270       |       0.110571       |       0.086461       |       0.019039       |       0.023664       |
|    64    |       2.081272       |       0.110484       |       0.086241       |       0.019206       |       0.023875       |
|    65    |       2.076092       |       0.110513       |       0.086320       |       0.019147       |       0.023759       |
-------------------------------------------------------------------------------------------------------------------------------
|    66    |       2.077526       |       0.110591       |       0.086348       |       0.019099       |       0.023748       |
|    67    |       2.085669       |       0.110572       |       0.086382       |       0.018474       |       0.023028       |
|    68    |       2.063265       |       0.110324       |       0.086079       |       0.019185       |       0.023860       |
|    69    |       2.086777       |       0.110364       |       0.086239       |       0.018843       |       0.023342       |
|    70    |       2.044084       |       0.110214       |       0.085977       |       0.019280       |       0.023867       |
-------------------------------------------------------------------------------------------------------------------------------
|    71    |       2.074842       |       0.110408       |       0.086236       |       0.019014       |       0.023579       |
|    72    |       2.068754       |       0.110427       |       0.086253       |       0.019407       |       0.024065       |
|    73    |       2.072410       |       0.110373       |       0.086175       |       0.019510       |       0.024135       |
|    74    |       2.056846       |       0.110324       |       0.086105       |       0.019192       |       0.023893       |
|    75    |       2.044963       |       0.110149       |       0.085976       |       0.019081       |       0.023630       |
-------------------------------------------------------------------------------------------------------------------------------
|    76    |       2.050459       |       0.110289       |       0.085998       |       0.018889       |       0.023483       |
|    77    |       2.050833       |       0.109960       |       0.085751       |       0.019748       |       0.024409       |
|    78    |       2.032108       |       0.109931       |       0.085733       |       0.018703       |       0.023358       |
|    79    |       2.062250       |       0.110356       |       0.086065       |       0.019103       |       0.023639       |
|    80    |       2.047284       |       0.110118       |       0.085845       |       0.019595       |       0.024257       |
-------------------------------------------------------------------------------------------------------------------------------
|    81    |       2.063865       |       0.110252       |       0.086081       |       0.019276       |       0.023910       |
|    82    |       2.054143       |       0.110174       |       0.085957       |       0.019751       |       0.024412       |
|    83    |       2.052468       |       0.110119       |       0.085897       |       0.019235       |       0.023814       |
|    84    |       2.034142       |       0.110019       |       0.085758       |       0.019315       |       0.023926       |
|    85    |       2.050421       |       0.110137       |       0.085890       |       0.018896       |       0.023415       |
-------------------------------------------------------------------------------------------------------------------------------
|    86    |       2.032976       |       0.110020       |       0.085802       |       0.019279       |       0.023813       |
|    87    |       2.049117       |       0.110193       |       0.085953       |       0.019782       |       0.024421       |
|    88    |       2.049446       |       0.110339       |       0.086040       |       0.018932       |       0.023576       |
|    89    |       2.043584       |       0.109797       |       0.085614       |       0.019264       |       0.023910       |
|    90    |       2.063654       |       0.110225       |       0.085974       |       0.019220       |       0.023851       |
-------------------------------------------------------------------------------------------------------------------------------
|    91    |       2.055043       |       0.110081       |       0.085855       |       0.018575       |       0.023153       |
|    92    |       2.034388       |       0.110005       |       0.085722       |       0.019578       |       0.024200       |
|    93    |       2.050579       |       0.110086       |       0.085826       |       0.019565       |       0.024225       |
|    94    |       2.049367       |       0.110116       |       0.086004       |       0.019155       |       0.023686       |
|    95    |       2.043815       |       0.110142       |       0.085918       |       0.018315       |       0.022851       |
-------------------------------------------------------------------------------------------------------------------------------
|    96    |       2.045039       |       0.110170       |       0.085917       |       0.018643       |       0.023198       |
|    97    |       2.023240       |       0.109930       |       0.085732       |       0.019061       |       0.023612       |
|    98    |       2.029726       |       0.110166       |       0.085818       |       0.020024       |       0.024700       |
|    99    |       2.053029       |       0.110167       |       0.085967       |       0.019545       |       0.024161       |
|    100   |       2.028443       |       0.110122       |       0.085842       |       0.018795       |       0.023476       |
-------------------------------------------------------------------------------------------------------------------------------
