Training Results - Started at: 2024-12-26 19:46:25
Training Completed - Ended at: 2024-12-27 00:59:14
-------------------------------------------------------------------------------------------------------------------------------
|  Epoch   |    Semantic Loss     |     Detail Loss      |      Matte Loss      |         MSE          |         MAD          |
-------------------------------------------------------------------------------------------------------------------------------
|    1     |       38.409139      |       0.535358       |       0.594277       |       0.161293       |       0.175412       |
|    2     |       23.992506      |       0.336162       |       0.342654       |       0.118593       |       0.132661       |
|    3     |       19.426071      |       0.280843       |       0.280066       |       0.203630       |       0.220711       |
|    4     |       16.776056      |       0.253705       |       0.251199       |       0.105128       |       0.117309       |
|    5     |       14.890580      |       0.233625       |       0.227151       |       0.074947       |       0.084786       |
-------------------------------------------------------------------------------------------------------------------------------
|    6     |       13.477217      |       0.221863       |       0.214243       |       0.115225       |       0.126800       |
|    7     |       12.754095      |       0.214407       |       0.205710       |       0.070582       |       0.078929       |
|    8     |       11.464231      |       0.202076       |       0.191079       |       0.101297       |       0.111186       |
|    9     |       10.782543      |       0.191806       |       0.178789       |       0.079989       |       0.090447       |
|    10    |       10.245267      |       0.187197       |       0.174711       |       0.065352       |       0.074025       |
-------------------------------------------------------------------------------------------------------------------------------
|    11    |       8.941156       |       0.182018       |       0.169557       |       0.035516       |       0.042077       |
|    12    |       7.433865       |       0.168470       |       0.150377       |       0.034458       |       0.040455       |
|    13    |       6.979108       |       0.164283       |       0.145212       |       0.029443       |       0.034896       |
|    14    |       6.498041       |       0.161482       |       0.141317       |       0.030618       |       0.036559       |
|    15    |       6.273676       |       0.159644       |       0.138893       |       0.035191       |       0.041346       |
-------------------------------------------------------------------------------------------------------------------------------
|    16    |       6.011969       |       0.157971       |       0.136893       |       0.028430       |       0.034027       |
|    17    |       5.812069       |       0.156043       |       0.134339       |       0.028346       |       0.034176       |
|    18    |       5.650624       |       0.154673       |       0.132487       |       0.030449       |       0.036501       |
|    19    |       5.486472       |       0.153511       |       0.130876       |       0.026966       |       0.032784       |
|    20    |       5.371346       |       0.152641       |       0.130008       |       0.026339       |       0.031909       |
-------------------------------------------------------------------------------------------------------------------------------
|    21    |       5.220932       |       0.151483       |       0.128639       |       0.026375       |       0.031956       |
|    22    |       5.217242       |       0.151018       |       0.128040       |       0.025438       |       0.030799       |
|    23    |       5.137479       |       0.150739       |       0.127558       |       0.026884       |       0.032895       |
|    24    |       5.143063       |       0.150443       |       0.127262       |       0.025796       |       0.031432       |
|    25    |       5.144438       |       0.150313       |       0.127242       |       0.025691       |       0.031407       |
-------------------------------------------------------------------------------------------------------------------------------
|    26    |       5.103991       |       0.150133       |       0.127061       |       0.025968       |       0.031707       |
|    27    |       5.036672       |       0.150245       |       0.126876       |       0.025180       |       0.030808       |
|    28    |       5.094316       |       0.149704       |       0.126546       |       0.025687       |       0.031232       |
|    29    |       4.944580       |       0.149687       |       0.126184       |       0.025703       |       0.031516       |
|    30    |       4.983376       |       0.149433       |       0.125962       |       0.025681       |       0.031639       |
-------------------------------------------------------------------------------------------------------------------------------
|    31    |       4.969516       |       0.149466       |       0.126087       |       0.025061       |       0.030880       |
|    32    |       4.991858       |       0.149572       |       0.126151       |       0.025797       |       0.031515       |
|    33    |       4.997072       |       0.149397       |       0.126009       |       0.025780       |       0.031545       |
|    34    |       5.016157       |       0.149485       |       0.126184       |       0.026803       |       0.032707       |
|    35    |       4.993313       |       0.149368       |       0.125861       |       0.026677       |       0.032422       |
-------------------------------------------------------------------------------------------------------------------------------
|    36    |       4.960343       |       0.149417       |       0.125893       |       0.028309       |       0.034269       |
|    37    |       5.057351       |       0.149477       |       0.126112       |       0.025215       |       0.030825       |
|    38    |       5.007027       |       0.149318       |       0.126017       |       0.025848       |       0.031777       |
|    39    |       4.944000       |       0.149133       |       0.125601       |       0.024903       |       0.030465       |
|    40    |       5.005244       |       0.149348       |       0.125728       |       0.024594       |       0.030301       |
-------------------------------------------------------------------------------------------------------------------------------
