Training Results - Started at: 2024-12-24 13:34:52
Training Completed - Ended at: 2024-12-24 18:33:00
-------------------------------------------------------------------------------------------------------------------------------
|  Epoch   |    Semantic Loss     |     Detail Loss      |      Matte Loss      |         MSE          |         MAD          |
-------------------------------------------------------------------------------------------------------------------------------
|    1     |       38.990897      |       0.538713       |       0.595985       |       0.320684       |       0.351764       |
|    2     |       24.907740      |       0.344332       |       0.353672       |       0.152249       |       0.166803       |
|    3     |       20.261487      |       0.286145       |       0.288409       |       0.109026       |       0.123992       |
|    4     |       17.554655      |       0.260421       |       0.260605       |       0.255530       |       0.276132       |
|    5     |       15.700016      |       0.237047       |       0.233274       |       0.065354       |       0.073944       |
-------------------------------------------------------------------------------------------------------------------------------
|    6     |       14.268569      |       0.226208       |       0.221540       |       0.094792       |       0.107195       |
|    7     |       13.083808      |       0.211476       |       0.204092       |       0.063933       |       0.074520       |
|    8     |       12.465447      |       0.207100       |       0.199891       |       0.075493       |       0.085459       |
|    9     |       11.106995      |       0.198368       |       0.187620       |       0.081593       |       0.094183       |
|    10    |       10.802321      |       0.191097       |       0.180319       |       0.042566       |       0.049910       |
-------------------------------------------------------------------------------------------------------------------------------
|    11    |       8.860514       |       0.184209       |       0.169385       |       0.033342       |       0.039667       |
|    12    |       7.605180       |       0.172607       |       0.154374       |       0.031774       |       0.037623       |
|    13    |       7.148243       |       0.168582       |       0.149463       |       0.031093       |       0.036708       |
|    14    |       6.848274       |       0.165881       |       0.145906       |       0.030534       |       0.036066       |
|    15    |       6.616588       |       0.164217       |       0.143829       |       0.029674       |       0.034759       |
-------------------------------------------------------------------------------------------------------------------------------
|    16    |       6.467632       |       0.162852       |       0.141974       |       0.031556       |       0.036945       |
|    17    |       6.301502       |       0.161145       |       0.140093       |       0.030121       |       0.035264       |
|    18    |       6.067540       |       0.160071       |       0.138440       |       0.028552       |       0.033794       |
|    19    |       5.921517       |       0.159028       |       0.137211       |       0.026401       |       0.031426       |
|    20    |       5.771491       |       0.158095       |       0.135703       |       0.027361       |       0.032359       |
-------------------------------------------------------------------------------------------------------------------------------
|    21    |       5.711368       |       0.156837       |       0.134394       |       0.026901       |       0.032025       |
|    22    |       5.575210       |       0.156208       |       0.133630       |       0.027676       |       0.032824       |
|    23    |       5.489680       |       0.155865       |       0.133147       |       0.027254       |       0.032233       |
|    24    |       5.495643       |       0.155595       |       0.132917       |       0.027489       |       0.032362       |
|    25    |       5.518002       |       0.155824       |       0.133077       |       0.027829       |       0.032741       |
-------------------------------------------------------------------------------------------------------------------------------
|    26    |       5.475805       |       0.155501       |       0.132591       |       0.027136       |       0.032162       |
|    27    |       5.472077       |       0.155356       |       0.132268       |       0.027105       |       0.032042       |
|    28    |       5.457523       |       0.155233       |       0.132148       |       0.026366       |       0.031472       |
|    29    |       5.471404       |       0.155334       |       0.132227       |       0.027470       |       0.032492       |
|    30    |       5.432258       |       0.154851       |       0.131823       |       0.027136       |       0.031998       |
-------------------------------------------------------------------------------------------------------------------------------
|    31    |       5.411398       |       0.154831       |       0.131794       |       0.027812       |       0.032854       |
|    32    |       5.470678       |       0.154903       |       0.131781       |       0.026482       |       0.031427       |
|    33    |       5.459285       |       0.154742       |       0.131697       |       0.027512       |       0.032436       |
|    34    |       5.426603       |       0.154939       |       0.131706       |       0.028072       |       0.033137       |
|    35    |       5.432302       |       0.154491       |       0.131589       |       0.027552       |       0.032481       |
-------------------------------------------------------------------------------------------------------------------------------
|    36    |       5.409985       |       0.154531       |       0.131547       |       0.027922       |       0.032992       |
|    37    |       5.400995       |       0.154825       |       0.131635       |       0.028718       |       0.033874       |
|    38    |       5.413237       |       0.154637       |       0.131584       |       0.027503       |       0.032552       |
|    39    |       5.398110       |       0.154672       |       0.131616       |       0.027495       |       0.032431       |
|    40    |       5.401055       |       0.154542       |       0.131367       |       0.026839       |       0.031744       |
-------------------------------------------------------------------------------------------------------------------------------
