Training Results - Started at: 2024-10-28 21:03:17
Training Completed - Ended at: 2024-10-29 05:58:47
Total training time: 8:55:29
-------------------------------------------------------------------------------------------------------------------------------
|  Epoch   |    Semantic Loss     |     Detail Loss      |      Matte Loss      |         MSE          |         MAD          |
-------------------------------------------------------------------------------------------------------------------------------
|    1     |       50.286924      |       0.473651       |       0.529793       |       0.241982       |       0.450903       |
|    2     |       30.354665      |       0.317928       |       0.321125       |       0.315710       |       0.548562       |
|    3     |       24.714808      |       0.271146       |       0.266299       |       0.329087       |       0.557347       |
|    4     |       22.285223      |       0.249212       |       0.241139       |       0.329857       |       0.540136       |
|    5     |       19.943858      |       0.227939       |       0.218688       |       0.297190       |       0.521802       |
-------------------------------------------------------------------------------------------------------------------------------
|    6     |       17.758778      |       0.209441       |       0.198658       |       0.323127       |       0.528049       |
|    7     |       16.613076      |       0.198922       |       0.188324       |       0.197446       |       0.416492       |
|    8     |       15.502965      |       0.188437       |       0.175893       |       0.313092       |       0.534053       |
|    9     |       15.007924      |       0.182558       |       0.169602       |       0.320305       |       0.551135       |
|    10    |       14.078195      |       0.177251       |       0.163604       |       0.256961       |       0.486810       |
-------------------------------------------------------------------------------------------------------------------------------
|    11    |       11.682073      |       0.169028       |       0.153758       |       0.202642       |       0.425040       |
|    12    |       10.460919      |       0.161824       |       0.143285       |       0.383771       |       0.578056       |
|    13    |       10.041663      |       0.159729       |       0.140312       |       0.362767       |       0.576617       |
|    14    |       9.715699       |       0.157928       |       0.138062       |       0.211714       |       0.439335       |
|    15    |       9.420909       |       0.156409       |       0.136218       |       0.268346       |       0.492519       |
-------------------------------------------------------------------------------------------------------------------------------
|    16    |       9.246825       |       0.155220       |       0.134658       |       0.250419       |       0.466731       |
|    17    |       9.095240       |       0.154255       |       0.133480       |       0.446427       |       0.619469       |
|    18    |       8.895572       |       0.153251       |       0.132289       |       0.234565       |       0.426363       |
|    19    |       8.741406       |       0.152161       |       0.131171       |       0.350468       |       0.561431       |
|    20    |       8.829789       |       0.152731       |       0.131377       |       0.311438       |       0.538778       |
-------------------------------------------------------------------------------------------------------------------------------
|    21    |       8.934017       |       0.156822       |       0.134456       |       0.366707       |       0.579970       |
|    22    |       8.861458       |       0.156578       |       0.134022       |       0.396321       |       0.595753       |
|    23    |       8.814496       |       0.156105       |       0.133496       |       0.254487       |       0.487138       |
|    24    |       8.799353       |       0.155935       |       0.133342       |       0.349561       |       0.565976       |
|    25    |       8.749795       |       0.155861       |       0.133228       |       0.338652       |       0.541811       |
-------------------------------------------------------------------------------------------------------------------------------
|    26    |       8.732430       |       0.155678       |       0.133129       |       0.462024       |       0.613662       |
|    27    |       8.714478       |       0.155392       |       0.132679       |       0.291738       |       0.509840       |
|    28    |       8.722203       |       0.155550       |       0.132861       |       0.200574       |       0.433614       |
|    29    |       8.724495       |       0.155174       |       0.132692       |       0.265922       |       0.486913       |
|    30    |       8.638196       |       0.155108       |       0.132401       |       0.202894       |       0.416562       |
-------------------------------------------------------------------------------------------------------------------------------
|    31    |       8.640919       |       0.154810       |       0.132260       |       0.220888       |       0.419044       |
|    32    |       8.605918       |       0.154843       |       0.132088       |       0.345493       |       0.561771       |
|    33    |       8.581779       |       0.154884       |       0.132141       |       0.392159       |       0.601695       |
|    34    |       8.588469       |       0.154792       |       0.132060       |       0.178502       |       0.391389       |
|    35    |       8.619621       |       0.154826       |       0.132112       |       0.417777       |       0.617708       |
-------------------------------------------------------------------------------------------------------------------------------
|    36    |       8.599950       |       0.154713       |       0.131969       |       0.327741       |       0.548953       |
|    37    |       8.631077       |       0.154732       |       0.132060       |       0.351872       |       0.575833       |
|    38    |       8.616724       |       0.154873       |       0.132141       |       0.425392       |       0.614634       |
|    39    |       8.585338       |       0.154651       |       0.131851       |       0.245773       |       0.478467       |
|    40    |       8.594885       |       0.154718       |       0.132144       |       0.256397       |       0.482502       |
-------------------------------------------------------------------------------------------------------------------------------
