Training Results - Started at: 2024-12-25 01:10:57
Training Completed - Ended at: 2024-12-25 07:17:43
-------------------------------------------------------------------------------------------------------------------------------
|  Epoch   |    Semantic Loss     |     Detail Loss      |      Matte Loss      |         MSE          |         MAD          |
-------------------------------------------------------------------------------------------------------------------------------
|    1     |       40.140344      |       0.539804       |       0.594180       |       0.174999       |       0.187810       |
|    2     |       25.379490      |       0.328691       |       0.341305       |       0.135999       |       0.149569       |
|    3     |       20.473253      |       0.278644       |       0.285756       |       0.083732       |       0.095431       |
|    4     |       17.811604      |       0.250655       |       0.253809       |       0.102107       |       0.114728       |
|    5     |       16.410718      |       0.234520       |       0.235719       |       0.059624       |       0.068186       |
-------------------------------------------------------------------------------------------------------------------------------
|    6     |       14.784641      |       0.217267       |       0.216070       |       0.043809       |       0.051278       |
|    7     |       13.585897      |       0.205333       |       0.202645       |       0.086806       |       0.096513       |
|    8     |       12.474308      |       0.195451       |       0.190366       |       0.065505       |       0.076169       |
|    9     |       11.846722      |       0.186686       |       0.180893       |       0.057289       |       0.066333       |
|    10    |       11.051277      |       0.179284       |       0.172113       |       0.031770       |       0.037589       |
-------------------------------------------------------------------------------------------------------------------------------
|    11    |       8.813556       |       0.166833       |       0.156376       |       0.028761       |       0.033935       |
|    12    |       7.728387       |       0.157561       |       0.143092       |       0.027432       |       0.032363       |
|    13    |       7.263387       |       0.154755       |       0.139221       |       0.029092       |       0.034458       |
|    14    |       6.961601       |       0.152828       |       0.136469       |       0.028544       |       0.033567       |
|    15    |       6.789061       |       0.150943       |       0.134316       |       0.032424       |       0.038279       |
-------------------------------------------------------------------------------------------------------------------------------
|    16    |       6.430534       |       0.148996       |       0.131661       |       0.028261       |       0.033520       |
|    17    |       6.264945       |       0.148041       |       0.130314       |       0.029661       |       0.034782       |
|    18    |       6.133411       |       0.147177       |       0.129146       |       0.027516       |       0.032303       |
|    19    |       5.964442       |       0.145724       |       0.127485       |       0.028907       |       0.033777       |
|    20    |       5.844619       |       0.144662       |       0.125841       |       0.026894       |       0.031823       |
-------------------------------------------------------------------------------------------------------------------------------
|    21    |       5.675008       |       0.143928       |       0.124737       |       0.027825       |       0.032723       |
|    22    |       5.631766       |       0.143191       |       0.124014       |       0.028579       |       0.033511       |
|    23    |       5.513282       |       0.142850       |       0.123321       |       0.030156       |       0.035294       |
|    24    |       5.548380       |       0.142921       |       0.123552       |       0.028575       |       0.033465       |
|    25    |       5.523125       |       0.142649       |       0.123138       |       0.028990       |       0.033990       |
-------------------------------------------------------------------------------------------------------------------------------
|    26    |       5.533181       |       0.142632       |       0.122973       |       0.029144       |       0.034184       |
|    27    |       5.522520       |       0.142374       |       0.122733       |       0.028344       |       0.033246       |
|    28    |       5.481955       |       0.142317       |       0.122838       |       0.028338       |       0.033374       |
|    29    |       5.443283       |       0.142187       |       0.122396       |       0.029180       |       0.034048       |
|    30    |       5.430367       |       0.142302       |       0.122521       |       0.028675       |       0.033472       |
-------------------------------------------------------------------------------------------------------------------------------
|    31    |       5.441941       |       0.142012       |       0.122183       |       0.028455       |       0.033313       |
|    32    |       5.409966       |       0.142075       |       0.122266       |       0.028420       |       0.033308       |
|    33    |       5.371697       |       0.141844       |       0.122026       |       0.028816       |       0.033713       |
|    34    |       5.416795       |       0.141992       |       0.122313       |       0.028867       |       0.033749       |
|    35    |       5.460800       |       0.141871       |       0.122017       |       0.029147       |       0.033947       |
-------------------------------------------------------------------------------------------------------------------------------
|    36    |       5.446072       |       0.142117       |       0.122402       |       0.029736       |       0.034765       |
|    37    |       5.416362       |       0.141979       |       0.122217       |       0.028305       |       0.033123       |
|    38    |       5.389852       |       0.141889       |       0.122080       |       0.028544       |       0.033419       |
|    39    |       5.392949       |       0.142266       |       0.122327       |       0.028398       |       0.033143       |
|    40    |       5.405728       |       0.141886       |       0.122147       |       0.027932       |       0.032778       |
-------------------------------------------------------------------------------------------------------------------------------
