Training Results - Started at: 2024-11-23 15:07:28
Training Completed - Ended at: 2024-11-24 06:12:11
-------------------------------------------------------------------------------------------------------------------------------
|  Epoch   |    Semantic Loss     |     Detail Loss      |      Matte Loss      |         MSE          |         MAD          |
-------------------------------------------------------------------------------------------------------------------------------
|    1     |       116.645341     |       0.530810       |       0.618222       |       0.323070       |       0.545499       |
|    2     |       70.530614      |       0.423203       |       0.498586       |       0.247688       |       0.464192       |
|    3     |       49.824924      |       0.336684       |       0.362710       |       0.260466       |       0.487557       |
|    4     |       38.695524      |       0.289678       |       0.300330       |       0.206857       |       0.424094       |
|    5     |       30.970785      |       0.260288       |       0.265021       |       0.202070       |       0.419434       |
-------------------------------------------------------------------------------------------------------------------------------
|    6     |       27.819380      |       0.251319       |       0.267113       |       0.349978       |       0.562895       |
|    7     |       21.742924      |       0.213357       |       0.207419       |       0.226529       |       0.441399       |
|    8     |       19.940645      |       0.202270       |       0.194555       |       0.221169       |       0.449329       |
|    9     |       18.353207      |       0.190888       |       0.180789       |       0.291042       |       0.531657       |
|    10    |       16.573403      |       0.182334       |       0.169775       |       0.310175       |       0.532465       |
-------------------------------------------------------------------------------------------------------------------------------
|    11    |       13.492077      |       0.169609       |       0.154007       |       0.231866       |       0.465569       |
|    12    |       12.502122      |       0.164776       |       0.146858       |       0.176782       |       0.370776       |
|    13    |       12.033688      |       0.162892       |       0.143922       |       0.214084       |       0.418480       |
|    14    |       11.595653      |       0.161119       |       0.141710       |       0.289451       |       0.506148       |
|    15    |       11.341348      |       0.159887       |       0.139994       |       0.242301       |       0.474658       |
-------------------------------------------------------------------------------------------------------------------------------
|    16    |       11.073551      |       0.158491       |       0.138232       |       0.304608       |       0.523637       |
|    17    |       10.741814      |       0.157302       |       0.136771       |       0.176024       |       0.297185       |
|    18    |       10.655817      |       0.156342       |       0.135469       |       0.180551       |       0.387783       |
|    19    |       10.414542      |       0.155325       |       0.134192       |       0.228434       |       0.457646       |
|    20    |       10.302164      |       0.155190       |       0.134237       |       0.325047       |       0.548435       |
-------------------------------------------------------------------------------------------------------------------------------
|    21    |       9.941499       |       0.153044       |       0.131466       |       0.309732       |       0.524014       |
|    22    |       9.827999       |       0.152605       |       0.130801       |       0.381919       |       0.586991       |
|    23    |       9.811746       |       0.152679       |       0.130718       |       0.226744       |       0.449356       |
|    24    |       9.761685       |       0.152366       |       0.130405       |       0.221859       |       0.439981       |
|    25    |       9.756018       |       0.152473       |       0.130541       |       0.179129       |       0.367012       |
-------------------------------------------------------------------------------------------------------------------------------
|    26    |       9.756688       |       0.151985       |       0.130024       |       0.298269       |       0.518756       |
|    27    |       9.733589       |       0.152054       |       0.130036       |       0.300065       |       0.536665       |
|    28    |       9.716821       |       0.151888       |       0.129753       |       0.343964       |       0.557084       |
|    29    |       9.695722       |       0.151856       |       0.129790       |       0.171918       |       0.303909       |
|    30    |       9.682456       |       0.151799       |       0.129749       |       0.298801       |       0.531071       |
-------------------------------------------------------------------------------------------------------------------------------
|    31    |       9.625082       |       0.151666       |       0.129514       |       0.334612       |       0.544026       |
|    32    |       9.641848       |       0.151530       |       0.129342       |       0.334386       |       0.542920       |
|    33    |       9.653102       |       0.151619       |       0.129460       |       0.239135       |       0.473005       |
|    34    |       9.650725       |       0.151582       |       0.129430       |       0.262888       |       0.484247       |
|    35    |       9.627830       |       0.151615       |       0.129412       |       0.271986       |       0.469610       |
-------------------------------------------------------------------------------------------------------------------------------
|    36    |       9.647168       |       0.151479       |       0.129289       |       0.310498       |       0.539219       |
|    37    |       9.630423       |       0.151533       |       0.129364       |       0.307742       |       0.529277       |
|    38    |       9.583513       |       0.151557       |       0.129322       |       0.400695       |       0.608270       |
|    39    |       9.617762       |       0.151445       |       0.129331       |       0.282604       |       0.500925       |
|    40    |       9.574913       |       0.151496       |       0.129352       |       0.232460       |       0.456492       |
-------------------------------------------------------------------------------------------------------------------------------
