Training Results - Started at: 2024-11-04 12:24:34
Training Completed - Ended at: 2024-11-04 22:35:54
-------------------------------------------------------------------------------------------------------------------------------
|  Epoch   |    Semantic Loss     |     Detail Loss      |      Matte Loss      |         MSE          |         MAD          |
-------------------------------------------------------------------------------------------------------------------------------
|    1     |       49.851758      |       0.479528       |       0.532933       |       0.208439       |       0.408859       |
|    2     |       32.410280      |       0.323233       |       0.327990       |       0.194032       |       0.423609       |
|    3     |       26.606442      |       0.266504       |       0.267915       |       0.204749       |       0.391679       |
|    4     |       23.072604      |       0.232215       |       0.230836       |       0.203558       |       0.406401       |
|    5     |       20.722488      |       0.213921       |       0.209857       |       0.194740       |       0.419200       |
-------------------------------------------------------------------------------------------------------------------------------
|    6     |       19.084095      |       0.201927       |       0.196077       |       0.282630       |       0.505380       |
|    7     |       18.035993      |       0.194677       |       0.188130       |       0.301045       |       0.506645       |
|    8     |       16.759948      |       0.185275       |       0.176274       |       0.307191       |       0.515429       |
|    9     |       15.939344      |       0.179053       |       0.168479       |       0.355998       |       0.572154       |
|    10    |       14.640203      |       0.173147       |       0.161311       |       0.501260       |       0.660013       |
-------------------------------------------------------------------------------------------------------------------------------
|    11    |       12.638033      |       0.165251       |       0.152334       |       0.187842       |       0.405387       |
|    12    |       11.259358      |       0.158618       |       0.141611       |       0.191920       |       0.413630       |
|    13    |       10.822164      |       0.156524       |       0.138774       |       0.299238       |       0.521170       |
|    14    |       10.465635      |       0.155489       |       0.136918       |       0.175766       |       0.351951       |
|    15    |       10.259572      |       0.154308       |       0.135421       |       0.218413       |       0.442582       |
-------------------------------------------------------------------------------------------------------------------------------
|    16    |       10.017030      |       0.153393       |       0.134291       |       0.210182       |       0.409971       |
|    17    |       9.741762       |       0.152252       |       0.132730       |       0.367493       |       0.583460       |
|    18    |       9.640357       |       0.151244       |       0.131567       |       0.279907       |       0.514535       |
|    19    |       9.408739       |       0.150456       |       0.130395       |       0.244521       |       0.451014       |
|    20    |       9.327238       |       0.149950       |       0.129811       |       0.403850       |       0.604697       |
-------------------------------------------------------------------------------------------------------------------------------
|    21    |       9.096111       |       0.148882       |       0.128492       |       0.348022       |       0.557267       |
|    22    |       8.996676       |       0.148278       |       0.127633       |       0.552158       |       0.672443       |
|    23    |       8.990379       |       0.148154       |       0.127540       |       0.305700       |       0.526427       |
|    24    |       8.932249       |       0.148045       |       0.127433       |       0.315462       |       0.520921       |
|    25    |       8.918812       |       0.147895       |       0.127235       |       0.249898       |       0.478803       |
-------------------------------------------------------------------------------------------------------------------------------
|    26    |       8.930457       |       0.147848       |       0.127052       |       0.298679       |       0.525117       |
|    27    |       8.860427       |       0.147730       |       0.127027       |       0.321949       |       0.532353       |
|    28    |       8.849690       |       0.147703       |       0.126942       |       0.263550       |       0.490144       |
|    29    |       8.839549       |       0.147309       |       0.126628       |       0.227357       |       0.448236       |
|    30    |       8.829326       |       0.147461       |       0.126611       |       0.201701       |       0.380910       |
-------------------------------------------------------------------------------------------------------------------------------
|    31    |       8.816045       |       0.147324       |       0.126598       |       0.253796       |       0.480827       |
|    32    |       8.823338       |       0.147576       |       0.126764       |       0.234259       |       0.453369       |
|    33    |       8.770259       |       0.147433       |       0.126579       |       0.287094       |       0.515367       |
|    34    |       8.827648       |       0.147392       |       0.126607       |       0.222230       |       0.444865       |
|    35    |       8.782766       |       0.147291       |       0.126469       |       0.353517       |       0.564667       |
-------------------------------------------------------------------------------------------------------------------------------
|    36    |       8.776535       |       0.147295       |       0.126504       |       0.341020       |       0.554908       |
|    37    |       8.810672       |       0.147479       |       0.126721       |       0.412154       |       0.606640       |
|    38    |       8.759036       |       0.147342       |       0.126511       |       0.329919       |       0.552161       |
|    39    |       8.757403       |       0.147251       |       0.126377       |       0.355347       |       0.564555       |
|    40    |       8.774618       |       0.147095       |       0.126265       |       0.250322       |       0.459330       |
-------------------------------------------------------------------------------------------------------------------------------
