Training Results - Started at: 2024-11-16 22:35:25
Training Completed - Ended at: 2024-11-17 12:13:05
-------------------------------------------------------------------------------------------------------------------------------
|  Epoch   |    Semantic Loss     |     Detail Loss      |      Matte Loss      |         MSE          |         MAD          |
-------------------------------------------------------------------------------------------------------------------------------
|    1     |       37.175522      |       0.426022       |       0.443742       |       0.203585       |       0.395909       |
|    2     |       21.940478      |       0.254212       |       0.244198       |       0.172429       |       0.329351       |
|    3     |       16.372845      |       0.209497       |       0.194783       |       0.375296       |       0.583575       |
|    4     |       13.811247      |       0.186138       |       0.170140       |       0.177034       |       0.362094       |
|    5     |       11.932271      |       0.172254       |       0.154860       |       0.252453       |       0.477225       |
-------------------------------------------------------------------------------------------------------------------------------
|    6     |       10.055430      |       0.163122       |       0.144560       |       0.368937       |       0.572389       |
|    7     |       9.122426       |       0.154454       |       0.137321       |       0.179452       |       0.355353       |
|    8     |       7.856151       |       0.143458       |       0.123049       |       0.377102       |       0.591732       |
|    9     |       7.623544       |       0.140982       |       0.121800       |       0.178914       |       0.354233       |
|    10    |       6.340083       |       0.133268       |       0.111921       |       0.276066       |       0.490797       |
-------------------------------------------------------------------------------------------------------------------------------
|    11    |       5.142756       |       0.128173       |       0.105959       |       0.267425       |       0.488577       |
|    12    |       4.446365       |       0.121979       |       0.098408       |       0.232069       |       0.395036       |
|    13    |       4.166689       |       0.120100       |       0.096315       |       0.247926       |       0.470456       |
|    14    |       4.006472       |       0.118918       |       0.094997       |       0.256391       |       0.484319       |
|    15    |       3.839690       |       0.117916       |       0.093737       |       0.389357       |       0.600959       |
-------------------------------------------------------------------------------------------------------------------------------
|    16    |       3.769773       |       0.117261       |       0.093011       |       0.281724       |       0.516986       |
|    17    |       3.675665       |       0.116499       |       0.092191       |       0.343795       |       0.569366       |
|    18    |       3.575661       |       0.115804       |       0.091440       |       0.366896       |       0.573207       |
|    19    |       3.523823       |       0.115348       |       0.090951       |       0.262793       |       0.464132       |
|    20    |       3.443275       |       0.114607       |       0.090183       |       0.414511       |       0.601206       |
-------------------------------------------------------------------------------------------------------------------------------
|    21    |       3.385882       |       0.114007       |       0.089613       |       0.289438       |       0.510874       |
|    22    |       3.363140       |       0.113897       |       0.089420       |       0.395186       |       0.594991       |
|    23    |       3.322308       |       0.113743       |       0.089250       |       0.377133       |       0.588667       |
|    24    |       3.342374       |       0.113710       |       0.089245       |       0.183406       |       0.380712       |
|    25    |       3.296682       |       0.113589       |       0.089029       |       0.181411       |       0.320147       |
-------------------------------------------------------------------------------------------------------------------------------
|    26    |       3.300614       |       0.113566       |       0.089076       |       0.266547       |       0.483356       |
|    27    |       3.282346       |       0.113437       |       0.088929       |       0.295640       |       0.521615       |
|    28    |       3.293014       |       0.113400       |       0.088884       |       0.211028       |       0.439037       |
|    29    |       3.308704       |       0.113467       |       0.088975       |       0.410655       |       0.596129       |
|    30    |       3.266327       |       0.113197       |       0.088640       |       0.323628       |       0.550502       |
-------------------------------------------------------------------------------------------------------------------------------
|    31    |       3.276620       |       0.113207       |       0.088712       |       0.315246       |       0.542256       |
|    32    |       3.248006       |       0.113173       |       0.088588       |       0.427614       |       0.626049       |
|    33    |       3.264346       |       0.113099       |       0.088569       |       0.281185       |       0.510706       |
|    34    |       3.276120       |       0.113138       |       0.088606       |       0.255009       |       0.481139       |
|    35    |       3.262910       |       0.113187       |       0.088644       |       0.331894       |       0.548320       |
-------------------------------------------------------------------------------------------------------------------------------
|    36    |       3.255570       |       0.113137       |       0.088626       |       0.226404       |       0.459046       |
|    37    |       3.266073       |       0.113217       |       0.088672       |       0.318920       |       0.536732       |
|    38    |       3.273380       |       0.113045       |       0.088519       |       0.166200       |       0.328416       |
|    39    |       3.251894       |       0.113095       |       0.088506       |       0.361410       |       0.575483       |
|    40    |       3.257377       |       0.113072       |       0.088548       |       0.294691       |       0.510529       |
-------------------------------------------------------------------------------------------------------------------------------
