Training Results - Started at: 2024-11-19 21:54:44
Training Completed - Ended at: 2024-11-20 16:08:38
-------------------------------------------------------------------------------------------------------------------------------
|  Epoch   |    Semantic Loss     |     Detail Loss      |      Matte Loss      |         MSE          |         MAD          |
-------------------------------------------------------------------------------------------------------------------------------
|    1     |       46.645975      |       0.493857       |       0.504820       |       0.197662       |       0.410468       |
|    2     |       25.540295      |       0.298288       |       0.280572       |       0.215595       |       0.431455       |
|    3     |       17.274244      |       0.224678       |       0.205220       |       0.265761       |       0.504491       |
|    4     |       14.069074      |       0.195418       |       0.175675       |       0.607436       |       0.715334       |
|    5     |       12.027837      |       0.178329       |       0.158214       |       0.303764       |       0.523345       |
-------------------------------------------------------------------------------------------------------------------------------
|    6     |       10.501157      |       0.165801       |       0.145542       |       0.217225       |       0.237590       |
|    7     |       9.309862       |       0.155210       |       0.134130       |       0.285057       |       0.506166       |
|    8     |       8.496729       |       0.149661       |       0.128685       |       0.263885       |       0.481115       |
|    9     |       7.694734       |       0.150228       |       0.132347       |       0.399103       |       0.598133       |
|    10    |       6.647603       |       0.138025       |       0.116704       |       0.217437       |       0.255607       |
-------------------------------------------------------------------------------------------------------------------------------
|    11    |       5.196324       |       0.129959       |       0.106591       |       0.291370       |       0.515009       |
|    12    |       4.582460       |       0.124411       |       0.100155       |       0.222506       |       0.230240       |
|    13    |       4.310829       |       0.122409       |       0.097975       |       0.303549       |       0.485975       |
|    14    |       4.149600       |       0.121153       |       0.096654       |       0.206916       |       0.424902       |
|    15    |       4.038615       |       0.120291       |       0.095579       |       0.427089       |       0.590934       |
-------------------------------------------------------------------------------------------------------------------------------
|    16    |       3.902733       |       0.119510       |       0.094789       |       0.465195       |       0.635901       |
|    17    |       3.851181       |       0.118722       |       0.093976       |       0.215120       |       0.298986       |
|    18    |       3.761026       |       0.118134       |       0.093326       |       0.196758       |       0.267813       |
|    19    |       3.652648       |       0.117333       |       0.092469       |       0.227693       |       0.443279       |
|    20    |       3.572117       |       0.116721       |       0.091761       |       0.196175       |       0.359104       |
-------------------------------------------------------------------------------------------------------------------------------
|    21    |       3.505229       |       0.116245       |       0.091292       |       0.235936       |       0.467935       |
|    22    |       3.463189       |       0.116006       |       0.090974       |       0.235124       |       0.429390       |
|    23    |       3.452617       |       0.115863       |       0.090809       |       0.294407       |       0.479731       |
|    24    |       3.454340       |       0.115751       |       0.090701       |       0.691833       |       0.736834       |
|    25    |       3.443299       |       0.115673       |       0.090661       |       0.271484       |       0.484182       |
-------------------------------------------------------------------------------------------------------------------------------
|    26    |       3.455962       |       0.115649       |       0.090653       |       0.206923       |       0.428794       |
|    27    |       3.453636       |       0.115700       |       0.090660       |       0.583430       |       0.707161       |
|    28    |       3.421532       |       0.115545       |       0.090484       |       0.289553       |       0.522445       |
|    29    |       3.409831       |       0.115432       |       0.090369       |       0.235353       |       0.463419       |
|    30    |       3.399103       |       0.115412       |       0.090357       |       0.509676       |       0.659573       |
-------------------------------------------------------------------------------------------------------------------------------
|    31    |       3.390089       |       0.115387       |       0.090304       |       0.361303       |       0.583341       |
|    32    |       3.398788       |       0.115402       |       0.090342       |       0.246859       |       0.456871       |
|    33    |       3.402372       |       0.115404       |       0.090371       |       0.228801       |       0.467638       |
|    34    |       3.390965       |       0.115438       |       0.090367       |       0.268516       |       0.489964       |
|    35    |       3.387015       |       0.115355       |       0.090251       |       0.227111       |       0.386758       |
-------------------------------------------------------------------------------------------------------------------------------
|    36    |       3.392634       |       0.115212       |       0.090160       |       0.216510       |       0.251991       |
|    37    |       3.378305       |       0.115260       |       0.090169       |       0.302147       |       0.530458       |
|    38    |       3.402404       |       0.115337       |       0.090298       |       0.217782       |       0.438958       |
|    39    |       3.381272       |       0.115317       |       0.090242       |       0.525640       |       0.655671       |
|    40    |       3.393840       |       0.115301       |       0.090244       |       0.183077       |       0.388010       |
-------------------------------------------------------------------------------------------------------------------------------
