Training Results - Started at: 2024-12-23 09:20:55
Training Completed - Ended at: 2024-12-23 14:17:15
-------------------------------------------------------------------------------------------------------------------------------
|  Epoch   |    Semantic Loss     |     Detail Loss      |      Matte Loss      |         MSE          |         MAD          |
-------------------------------------------------------------------------------------------------------------------------------
|    1     |       34.784218      |       0.519995       |       0.570106       |       0.080734       |       0.095062       |
|    2     |       20.853480      |       0.322646       |       0.320990       |       0.204016       |       0.220782       |
|    3     |       16.719927      |       0.270248       |       0.264273       |       0.045848       |       0.052985       |
|    4     |       14.816146      |       0.244420       |       0.236274       |       0.053975       |       0.063350       |
|    5     |       13.055975      |       0.226229       |       0.216053       |       0.056645       |       0.065173       |
-------------------------------------------------------------------------------------------------------------------------------
|    6     |       12.032808      |       0.214347       |       0.203457       |       0.079299       |       0.090683       |
|    7     |       10.876736      |       0.201178       |       0.187945       |       0.050446       |       0.057860       |
|    8     |       9.622602       |       0.192808       |       0.177993       |       0.054147       |       0.062968       |
|    9     |       9.480640       |       0.185059       |       0.171052       |       0.059250       |       0.067448       |
|    10    |       8.586731       |       0.174885       |       0.158254       |       0.070162       |       0.080679       |
-------------------------------------------------------------------------------------------------------------------------------
|    11    |       7.353807       |       0.170471       |       0.154797       |       0.029273       |       0.035397       |
|    12    |       5.960264       |       0.156610       |       0.135591       |       0.028516       |       0.034197       |
|    13    |       5.463080       |       0.153085       |       0.130855       |       0.027643       |       0.033665       |
|    14    |       5.204626       |       0.150861       |       0.128208       |       0.028076       |       0.033877       |
|    15    |       4.947576       |       0.149195       |       0.125765       |       0.029015       |       0.034920       |
-------------------------------------------------------------------------------------------------------------------------------
|    16    |       4.724328       |       0.147162       |       0.123389       |       0.027560       |       0.033334       |
|    17    |       4.627039       |       0.145540       |       0.121534       |       0.026676       |       0.032434       |
|    18    |       4.410470       |       0.144310       |       0.120044       |       0.028733       |       0.034738       |
|    19    |       4.340496       |       0.143050       |       0.118277       |       0.028612       |       0.035031       |
|    20    |       4.206338       |       0.141915       |       0.117228       |       0.025779       |       0.031621       |
-------------------------------------------------------------------------------------------------------------------------------
|    21    |       4.054530       |       0.140700       |       0.115694       |       0.024658       |       0.030460       |
|    22    |       4.021602       |       0.140306       |       0.115111       |       0.026739       |       0.032724       |
|    23    |       4.022204       |       0.140131       |       0.114968       |       0.026434       |       0.032457       |
|    24    |       3.971104       |       0.140111       |       0.114889       |       0.027294       |       0.033266       |
|    25    |       3.930065       |       0.139808       |       0.114401       |       0.024996       |       0.030471       |
-------------------------------------------------------------------------------------------------------------------------------
|    26    |       3.932536       |       0.139438       |       0.114191       |       0.025564       |       0.031113       |
|    27    |       3.922799       |       0.139381       |       0.114018       |       0.028227       |       0.034476       |
|    28    |       3.892527       |       0.139379       |       0.114048       |       0.024991       |       0.030586       |
|    29    |       3.948574       |       0.139733       |       0.114339       |       0.026190       |       0.031903       |
|    30    |       3.873644       |       0.138776       |       0.113460       |       0.028831       |       0.034965       |
-------------------------------------------------------------------------------------------------------------------------------
|    31    |       3.861586       |       0.139045       |       0.113560       |       0.025672       |       0.031295       |
|    32    |       3.860644       |       0.138846       |       0.113515       |       0.026468       |       0.032194       |
|    33    |       3.879741       |       0.139084       |       0.113733       |       0.026588       |       0.032474       |
|    34    |       3.844800       |       0.138976       |       0.113550       |       0.026358       |       0.032080       |
|    35    |       3.823649       |       0.138839       |       0.113298       |       0.028429       |       0.034429       |
-------------------------------------------------------------------------------------------------------------------------------
|    36    |       3.835093       |       0.138588       |       0.113151       |       0.026709       |       0.032663       |
|    37    |       3.834378       |       0.138891       |       0.113414       |       0.025336       |       0.030867       |
|    38    |       3.877824       |       0.139002       |       0.113575       |       0.025716       |       0.031335       |
|    39    |       3.886491       |       0.138839       |       0.113537       |       0.026706       |       0.032731       |
|    40    |       3.871898       |       0.138566       |       0.113261       |       0.025503       |       0.031040       |
-------------------------------------------------------------------------------------------------------------------------------
