Training Results - Started at: 2024-10-28 08:25:09
Training Completed - Ended at: 2024-10-28 19:30:54
Total training time: 11:05:44
-------------------------------------------------------------------------------------------------------------------------------
|  Epoch   |    Semantic Loss     |     Detail Loss      |      Matte Loss      |         MSE          |         MAD          |
-------------------------------------------------------------------------------------------------------------------------------
|    1     |       54.105900      |       0.477400       |       0.547100       |       0.201062       |       0.425360       |
|    2     |       34.785300      |       0.322000       |       0.337300       |       0.314159       |       0.543199       |
|    3     |       29.391400      |       0.273900       |       0.275100       |       0.230350       |       0.442763       |
|    4     |       26.735300      |       0.247500       |       0.248000       |       0.275972       |       0.504085       |
|    5     |       24.540200      |       0.220700       |       0.218300       |       0.330927       |       0.549651       |
-------------------------------------------------------------------------------------------------------------------------------
|    6     |       23.491700      |       0.211500       |       0.207400       |       0.336073       |       0.560122       |
|    7     |       53.682300      |       0.283300       |       0.332200       |       0.347527       |       0.572319       |
|    8     |       47.466500      |       0.259300       |       0.300500       |       0.333649       |       0.545688       |
|    9     |       45.209300      |       0.245300       |       0.280900       |       0.188745       |       0.403184       |
|    10    |       43.536000      |       0.236200       |       0.267600       |       0.280305       |       0.516448       |
-------------------------------------------------------------------------------------------------------------------------------
|    11    |       39.434500      |       0.222000       |       0.247200       |       0.269895       |       0.494817       |
|    12    |       37.579900      |       0.216400       |       0.237300       |       0.212295       |       0.434942       |
|    13    |       36.888400      |       0.214100       |       0.233600       |       0.422758       |       0.603551       |
|    14    |       36.323400      |       0.212900       |       0.231400       |       0.246299       |       0.473798       |
|    15    |       35.938900      |       0.211100       |       0.228800       |       0.371213       |       0.574233       |
-------------------------------------------------------------------------------------------------------------------------------
|    16    |       35.597200      |       0.209600       |       0.227000       |       0.266204       |       0.498418       |
|    17    |       35.239800      |       0.208700       |       0.225000       |       0.297261       |       0.512619       |
|    18    |       34.866700      |       0.207800       |       0.223300       |       0.194911       |       0.413153       |
|    19    |       34.795200      |       0.206800       |       0.222400       |       0.247947       |       0.467194       |
|    20    |       34.549800      |       0.206000       |       0.221000       |       0.222800       |       0.440008       |
-------------------------------------------------------------------------------------------------------------------------------
|    21    |       33.938900      |       0.203900       |       0.218200       |       0.212833       |       0.405295       |
|    22    |       33.738400      |       0.203600       |       0.217300       |       0.477293       |       0.650115       |
|    23    |       33.670500      |       0.203000       |       0.216200       |       0.280744       |       0.516242       |
|    24    |       33.450700      |       0.202900       |       0.215900       |       0.309941       |       0.544928       |
|    25    |       33.504900      |       0.203000       |       0.216200       |       0.472888       |       0.635490       |
-------------------------------------------------------------------------------------------------------------------------------
|    26    |       33.509600      |       0.202900       |       0.216000       |       0.386463       |       0.592181       |
|    27    |       33.492100      |       0.203200       |       0.216500       |       0.304009       |       0.499951       |
|    28    |       33.526500      |       0.202900       |       0.215800       |       0.256545       |       0.477499       |
|    29    |       33.369500      |       0.202100       |       0.214900       |       0.318159       |       0.536621       |
|    30    |       33.423000      |       0.202300       |       0.215000       |       0.393669       |       0.601874       |
-------------------------------------------------------------------------------------------------------------------------------
|    31    |       33.313700      |       0.202200       |       0.214800       |       0.301320       |       0.530199       |
|    32    |       33.199000      |       0.202300       |       0.215000       |       0.294800       |       0.515979       |
|    33    |       33.277800      |       0.202200       |       0.214700       |       0.323386       |       0.538132       |
|    34    |       33.334900      |       0.202400       |       0.215200       |       0.337000       |       0.558711       |
|    35    |       33.285400      |       0.202000       |       0.214500       |       0.267279       |       0.508871       |
-------------------------------------------------------------------------------------------------------------------------------
|    36    |       33.226600      |       0.202300       |       0.214900       |       0.265731       |       0.503564       |
|    37    |       33.320900      |       0.202200       |       0.214700       |       0.318419       |       0.548411       |
|    38    |       33.167700      |       0.202100       |       0.214600       |       0.325848       |       0.554041       |
|    39    |       33.235300      |       0.202300       |       0.214700       |       0.383174       |       0.581820       |
|    40    |       33.257900      |       0.201900       |       0.214400       |       0.371965       |       0.578361       |
-------------------------------------------------------------------------------------------------------------------------------
