Training Results - Started at: 2024-11-18 15:06:33
Training Completed - Ended at: 2024-11-19 05:22:36
-------------------------------------------------------------------------------------------------------------------------------
|  Epoch   |    Semantic Loss     |     Detail Loss      |      Matte Loss      |         MSE          |         MAD          |
-------------------------------------------------------------------------------------------------------------------------------
|    1     |       42.991333      |       0.465230       |       0.485936       |       0.213879       |       0.426347       |
|    2     |       23.811019      |       0.278712       |       0.263659       |       0.248643       |       0.472733       |
|    3     |       18.104442      |       0.225349       |       0.210437       |       0.541677       |       0.680877       |
|    4     |       14.890714      |       0.199078       |       0.182700       |       0.199875       |       0.420388       |
|    5     |       13.589436      |       0.182921       |       0.165533       |       0.195935       |       0.397878       |
-------------------------------------------------------------------------------------------------------------------------------
|    6     |       11.655166      |       0.173117       |       0.156930       |       0.303951       |       0.532612       |
|    7     |       10.419411      |       0.162459       |       0.144968       |       0.232846       |       0.464316       |
|    8     |       8.789266       |       0.149198       |       0.129192       |       0.362940       |       0.575712       |
|    9     |       8.247752       |       0.144470       |       0.124205       |       0.307858       |       0.531096       |
|    10    |       7.217376       |       0.137942       |       0.116856       |       0.490483       |       0.652228       |
-------------------------------------------------------------------------------------------------------------------------------
|    11    |       5.668447       |       0.131005       |       0.108803       |       0.266717       |       0.502763       |
|    12    |       5.029720       |       0.125443       |       0.101856       |       0.215000       |       0.444214       |
|    13    |       4.758238       |       0.123537       |       0.099737       |       0.353992       |       0.568131       |
|    14    |       4.569277       |       0.122304       |       0.098152       |       0.255903       |       0.467110       |
|    15    |       4.413333       |       0.121353       |       0.097073       |       0.279623       |       0.490335       |
-------------------------------------------------------------------------------------------------------------------------------
|    16    |       4.276007       |       0.120237       |       0.095873       |       0.252462       |       0.464046       |
|    17    |       4.170947       |       0.119609       |       0.095101       |       0.326833       |       0.553336       |
|    18    |       4.069494       |       0.118663       |       0.094219       |       0.329720       |       0.544880       |
|    19    |       3.982131       |       0.117997       |       0.093398       |       0.235835       |       0.468959       |
|    20    |       3.876804       |       0.117427       |       0.092793       |       0.202036       |       0.417215       |
-------------------------------------------------------------------------------------------------------------------------------
|    21    |       3.784844       |       0.116725       |       0.092075       |       0.200148       |       0.409917       |
|    22    |       3.747048       |       0.116533       |       0.091801       |       0.271419       |       0.503233       |
|    23    |       3.749592       |       0.116343       |       0.091614       |       0.305235       |       0.525820       |
|    24    |       3.720296       |       0.116275       |       0.091523       |       0.235725       |       0.448020       |
|    25    |       3.730808       |       0.116290       |       0.091537       |       0.345187       |       0.569685       |
-------------------------------------------------------------------------------------------------------------------------------
|    26    |       3.710769       |       0.116241       |       0.091432       |       0.283520       |       0.498407       |
|    27    |       3.699699       |       0.116047       |       0.091263       |       0.165277       |       0.302019       |
|    28    |       3.719176       |       0.116035       |       0.091241       |       0.289249       |       0.520877       |
|    29    |       3.683442       |       0.115805       |       0.091008       |       0.207262       |       0.417213       |
|    30    |       3.670507       |       0.115884       |       0.091083       |       0.397269       |       0.609046       |
-------------------------------------------------------------------------------------------------------------------------------
|    31    |       3.675461       |       0.115822       |       0.090990       |       0.252376       |       0.487391       |
|    32    |       3.690294       |       0.115861       |       0.091055       |       0.274503       |       0.504566       |
|    33    |       3.668986       |       0.115812       |       0.091012       |       0.268150       |       0.500474       |
|    34    |       3.681641       |       0.115807       |       0.091009       |       0.251421       |       0.471244       |
|    35    |       3.670794       |       0.115721       |       0.090936       |       0.272036       |       0.498856       |
-------------------------------------------------------------------------------------------------------------------------------
|    36    |       3.646378       |       0.115740       |       0.090908       |       0.304777       |       0.521279       |
|    37    |       3.670955       |       0.115788       |       0.091029       |       0.262975       |       0.482124       |
|    38    |       3.687341       |       0.115869       |       0.091112       |       0.265895       |       0.492930       |
|    39    |       3.666301       |       0.115733       |       0.090931       |       0.280264       |       0.493179       |
|    40    |       3.675143       |       0.115740       |       0.090902       |       0.301974       |       0.526934       |
-------------------------------------------------------------------------------------------------------------------------------
