Training Results - Started at: 2024-10-26 00:46:17
batch_size = 64
lr = 0.01
-------------------------------------------------------------------------------------------------------------------------------
|  Epoch   |    Semantic Loss     |     Detail Loss      |      Matte Loss      |         MSE          |         MAD          |
-------------------------------------------------------------------------------------------------------------------------------
|    1     |       0.002301       |       0.013868       |       2.817198       |       0.220540       |       0.225252       |
|    2     |       0.000075       |       0.002489       |       2.789455       |       0.220643       |       0.225016       |
|    3     |       0.000074       |       0.002434       |       2.788770       |       0.220567       |       0.224999       |
|    4     |       0.000074       |       0.002402       |       2.787746       |       0.220506       |       0.224990       |
|    5     |       0.000074       |       0.002373       |       2.788571       |       0.220480       |       0.225012       |
-------------------------------------------------------------------------------------------------------------------------------
|    6     |       0.000074       |       0.002355       |       2.788076       |       0.220440       |       0.225014       |
|    7     |       0.000073       |       0.002339       |       2.788392       |       0.220409       |       0.225040       |
|    8     |       0.000073       |       0.002316       |       2.789408       |       0.220406       |       0.225066       |
|    9     |       0.000073       |       0.002306       |       2.789664       |       0.220375       |       0.225080       |
|    10    |       0.000073       |       0.002305       |       2.788186       |       0.220356       |       0.225093       |
-------------------------------------------------------------------------------------------------------------------------------
|    11    |       0.000073       |       0.002299       |       2.788224       |       0.220360       |       0.225117       |
|    12    |       0.000073       |       0.002298       |       2.788130       |       0.220376       |       0.225132       |
|    13    |       0.000073       |       0.002287       |       2.789739       |       0.220336       |       0.225104       |
|    14    |       0.000073       |       0.002297       |       2.787730       |       0.220373       |       0.225097       |
|    15    |       0.000073       |       0.002293       |       2.788555       |       0.220373       |       0.225120       |
-------------------------------------------------------------------------------------------------------------------------------
|    16    |       0.000073       |       0.002294       |       2.788049       |       0.220361       |       0.225101       |
|    17    |       0.000073       |       0.002289       |       2.788772       |       0.220348       |       0.225096       |
|    18    |       0.000073       |       0.002285       |       2.789271       |       0.220331       |       0.225096       |
|    19    |       0.000073       |       0.002284       |       2.788981       |       0.220366       |       0.225101       |
|    20    |       0.000073       |       0.002286       |       2.788488       |       0.220352       |       0.225099       |
-------------------------------------------------------------------------------------------------------------------------------
|    21    |       0.000073       |       0.002290       |       2.788357       |       0.220347       |       0.225105       |
|    22    |       0.000073       |       0.002286       |       2.788622       |       0.220352       |       0.225103       |
|    23    |       0.000073       |       0.002288       |       2.788397       |       0.220348       |       0.225105       |
|    24    |       0.000073       |       0.002287       |       2.788161       |       0.220360       |       0.225101       |
|    25    |       0.000073       |       0.002291       |       2.787277       |       0.220375       |       0.225110       |
-------------------------------------------------------------------------------------------------------------------------------
|    26    |       0.000073       |       0.002288       |       2.787622       |       0.220352       |       0.225102       |
|    27    |       0.000073       |       0.002284       |       2.788780       |       0.220345       |       0.225090       |
|    28    |       0.000073       |       0.002292       |       2.787149       |       0.220360       |       0.225097       |
|    29    |       0.000073       |       0.002292       |       2.787391       |       0.220344       |       0.225111       |
|    30    |       0.000073       |       0.002292       |       2.787803       |       0.220333       |       0.225075       |
-------------------------------------------------------------------------------------------------------------------------------
|    31    |       0.000073       |       0.002290       |       2.787689       |       0.220351       |       0.225085       |
|    32    |       0.000073       |       0.002284       |       2.788820       |       0.220338       |       0.225089       |
|    33    |       0.000072       |       0.002289       |       2.787527       |       0.220340       |       0.225079       |
|    34    |       0.000073       |       0.002288       |       2.788386       |       0.220356       |       0.225095       |
|    35    |       0.000073       |       0.002294       |       2.787421       |       0.220340       |       0.225085       |
-------------------------------------------------------------------------------------------------------------------------------
|    36    |       0.000073       |       0.002291       |       2.788232       |       0.220344       |       0.225073       |
|    37    |       0.000073       |       0.002284       |       2.788911       |       0.220345       |       0.225091       |
|    38    |       0.000073       |       0.002292       |       2.787611       |       0.220357       |       0.225104       |
|    39    |       0.000072       |       0.002292       |       2.787480       |       0.220352       |       0.225109       |
|    40    |       0.000072       |       0.002290       |       2.788108       |       0.220347       |       0.225117       |
-------------------------------------------------------------------------------------------------------------------------------
Training Completed - Ended at: 2024-10-26 18:52:19