Training Results - Started at: 2024-12-24 19:01:49
Training Completed - Ended at: 2024-12-25 00:11:36
-------------------------------------------------------------------------------------------------------------------------------
|  Epoch   |    Semantic Loss     |     Detail Loss      |      Matte Loss      |         MSE          |         MAD          |
-------------------------------------------------------------------------------------------------------------------------------
|    1     |       38.801733      |       0.562693       |       0.606950       |       0.304703       |       0.326115       |
|    2     |       25.340974      |       0.353185       |       0.358787       |       0.084062       |       0.100534       |
|    3     |       20.072282      |       0.293506       |       0.294560       |       0.088221       |       0.104205       |
|    4     |       17.734633      |       0.261589       |       0.258410       |       0.097901       |       0.109076       |
|    5     |       15.764567      |       0.241470       |       0.236054       |       0.094528       |       0.103343       |
-------------------------------------------------------------------------------------------------------------------------------
|    6     |       14.552012      |       0.232993       |       0.225377       |       0.044764       |       0.052128       |
|    7     |       13.430436      |       0.222091       |       0.212810       |       0.105108       |       0.115284       |
|    8     |       13.151610      |       0.216518       |       0.205996       |       0.053098       |       0.065042       |
|    9     |       12.118486      |       0.207484       |       0.196279       |       0.038763       |       0.046163       |
|    10    |       10.702030      |       0.196146       |       0.183930       |       0.098457       |       0.115652       |
-------------------------------------------------------------------------------------------------------------------------------
|    11    |       8.756539       |       0.186176       |       0.170790       |       0.032917       |       0.039418       |
|    12    |       7.663960       |       0.176104       |       0.156925       |       0.029366       |       0.035699       |
|    13    |       7.117272       |       0.172861       |       0.152229       |       0.027916       |       0.033794       |
|    14    |       6.903207       |       0.170487       |       0.149462       |       0.029813       |       0.035640       |
|    15    |       6.619093       |       0.168497       |       0.146888       |       0.029715       |       0.035908       |
-------------------------------------------------------------------------------------------------------------------------------
|    16    |       6.481285       |       0.167346       |       0.145096       |       0.028867       |       0.035070       |
|    17    |       6.299336       |       0.165938       |       0.143485       |       0.028080       |       0.033832       |
|    18    |       6.116500       |       0.164537       |       0.141612       |       0.027441       |       0.033079       |
|    19    |       5.919864       |       0.163365       |       0.139975       |       0.027505       |       0.032998       |
|    20    |       5.779407       |       0.161813       |       0.138124       |       0.026905       |       0.032014       |
-------------------------------------------------------------------------------------------------------------------------------
|    21    |       5.617955       |       0.160908       |       0.136906       |       0.027616       |       0.032889       |
|    22    |       5.596101       |       0.160488       |       0.136402       |       0.027228       |       0.032473       |
|    23    |       5.575305       |       0.160034       |       0.136006       |       0.026944       |       0.032067       |
|    24    |       5.539200       |       0.159767       |       0.135623       |       0.027719       |       0.033115       |
|    25    |       5.534858       |       0.159902       |       0.135613       |       0.027811       |       0.033078       |
-------------------------------------------------------------------------------------------------------------------------------
|    26    |       5.512467       |       0.159482       |       0.135191       |       0.027046       |       0.032253       |
|    27    |       5.518997       |       0.159458       |       0.135209       |       0.027857       |       0.033113       |
|    28    |       5.409109       |       0.159375       |       0.135083       |       0.027352       |       0.032632       |
|    29    |       5.472369       |       0.159162       |       0.134879       |       0.027463       |       0.032755       |
|    30    |       5.427760       |       0.159283       |       0.134786       |       0.027561       |       0.032799       |
-------------------------------------------------------------------------------------------------------------------------------
|    31    |       5.442065       |       0.159241       |       0.134886       |       0.027002       |       0.032377       |
|    32    |       5.417280       |       0.158863       |       0.134513       |       0.027686       |       0.032950       |
|    33    |       5.373083       |       0.158951       |       0.134609       |       0.028532       |       0.033987       |
|    34    |       5.438950       |       0.159088       |       0.134719       |       0.027529       |       0.032836       |
|    35    |       5.400491       |       0.158945       |       0.134425       |       0.027605       |       0.032972       |
-------------------------------------------------------------------------------------------------------------------------------
|    36    |       5.408819       |       0.158928       |       0.134401       |       0.027504       |       0.032836       |
|    37    |       5.421841       |       0.158972       |       0.134475       |       0.028170       |       0.033578       |
|    38    |       5.344585       |       0.158978       |       0.134421       |       0.027331       |       0.032633       |
|    39    |       5.381190       |       0.158820       |       0.134337       |       0.027394       |       0.032571       |
|    40    |       5.434112       |       0.158865       |       0.134347       |       0.027783       |       0.033209       |
-------------------------------------------------------------------------------------------------------------------------------
