Training Results - Started at: 2024-10-27 15:49:25
-------------------------------------------------------------------------------------------------------------------------------
|  Epoch   |    Semantic Loss     |     Detail Loss      |      Matte Loss      |         MSE          |         MAD          |
-------------------------------------------------------------------------------------------------------------------------------
|    1     |       0.003128       |       0.022869       |       2.838055       |       0.220603       |       0.225353       |
|    2     |       0.000069       |       0.002623       |       2.788827       |       0.220562       |       0.225181       |
|    3     |       0.000065       |       0.002474       |       2.788278       |       0.220521       |       0.225167       |
|    4     |       0.000062       |       0.002416       |       2.788167       |       0.220486       |       0.225166       |
|    5     |       0.000060       |       0.002382       |       2.789128       |       0.220479       |       0.225162       |
-------------------------------------------------------------------------------------------------------------------------------
|    6     |       0.000059       |       0.002358       |       2.788220       |       0.220436       |       0.225176       |
|    7     |       0.000057       |       0.002341       |       2.788182       |       0.220405       |       0.225118       |
|    8     |       0.000056       |       0.002326       |       2.788071       |       0.220397       |       0.225117       |
|    9     |       0.000054       |       0.002309       |       2.788295       |       0.220393       |       0.225118       |
|    10    |       0.000053       |       0.002292       |       2.789551       |       0.220389       |       0.225100       |
-------------------------------------------------------------------------------------------------------------------------------
|    11    |       0.000053       |       0.002292       |       2.788308       |       0.220391       |       0.225087       |
|    12    |       0.000053       |       0.002287       |       2.788705       |       0.220390       |       0.225073       |
|    13    |       0.000053       |       0.002289       |       2.788267       |       0.220377       |       0.225074       |
|    14    |       0.000053       |       0.002286       |       2.788632       |       0.220386       |       0.225090       |
|    15    |       0.000053       |       0.002284       |       2.788741       |       0.220395       |       0.225091       |
-------------------------------------------------------------------------------------------------------------------------------
|    16    |       0.000052       |       0.002283       |       2.789137       |       0.220387       |       0.225077       |
|    17    |       0.000052       |       0.002285       |       2.788395       |       0.220392       |       0.225066       |
|    18    |       0.000052       |       0.002286       |       2.788148       |       0.220385       |       0.225078       |
|    19    |       0.000052       |       0.002284       |       2.788306       |       0.220382       |       0.225064       |
|    20    |       0.000052       |       0.002282       |       2.788444       |       0.220392       |       0.225059       |
-------------------------------------------------------------------------------------------------------------------------------
|    21    |       0.000052       |       0.002277       |       2.789175       |       0.220379       |       0.225066       |
|    22    |       0.000052       |       0.002281       |       2.788153       |       0.220379       |       0.225062       |
|    23    |       0.000052       |       0.002281       |       2.788180       |       0.220370       |       0.225042       |
|    24    |       0.000052       |       0.002287       |       2.787157       |       0.220368       |       0.225062       |
|    25    |       0.000052       |       0.002284       |       2.787934       |       0.220394       |       0.225109       |
-------------------------------------------------------------------------------------------------------------------------------
|    26    |       0.000052       |       0.002282       |       2.787975       |       0.220380       |       0.225074       |
|    27    |       0.000052       |       0.002277       |       2.789108       |       0.220376       |       0.225061       |
|    28    |       0.000052       |       0.002283       |       2.787899       |       0.220369       |       0.225052       |
|    29    |       0.000052       |       0.002281       |       2.789174       |       0.220384       |       0.225073       |
|    30    |       0.000052       |       0.002284       |       2.787938       |       0.220385       |       0.225076       |
-------------------------------------------------------------------------------------------------------------------------------
|    31    |       0.000052       |       0.002286       |       2.787311       |       0.220383       |       0.225059       |
|    32    |       0.000052       |       0.002282       |       2.788204       |       0.220403       |       0.225099       |
|    33    |       0.000052       |       0.002282       |       2.787969       |       0.220396       |       0.225090       |
|    34    |       0.000052       |       0.002280       |       2.788259       |       0.220397       |       0.225077       |
|    35    |       0.000052       |       0.002277       |       2.788658       |       0.220380       |       0.225054       |
-------------------------------------------------------------------------------------------------------------------------------
|    36    |       0.000052       |       0.002282       |       2.788265       |       0.220374       |       0.225053       |
|    37    |       0.000052       |       0.002287       |       2.786918       |       0.220364       |       0.225048       |
|    38    |       0.000052       |       0.002275       |       2.789352       |       0.220389       |       0.225075       |
|    39    |       0.000052       |       0.002277       |       2.788943       |       0.220376       |       0.225057       |
|    40    |       0.000052       |       0.002285       |       2.788244       |       0.220397       |       0.225049       |
-------------------------------------------------------------------------------------------------------------------------------
Training Completed - Ended at: 2024-10-28 07:12:13