Training Results - Started at: 2024-12-23 18:02:30
Training Completed - Ended at: 2024-12-23 22:53:05
-------------------------------------------------------------------------------------------------------------------------------
|  Epoch   |    Semantic Loss     |     Detail Loss      |      Matte Loss      |         MSE          |         MAD          |
-------------------------------------------------------------------------------------------------------------------------------
|    1     |       39.254508      |       0.534378       |       0.593458       |       0.134760       |       0.150112       |
|    2     |       23.998865      |       0.333183       |       0.339762       |       0.117196       |       0.130953       |
|    3     |       19.391558      |       0.282133       |       0.283020       |       0.090157       |       0.107986       |
|    4     |       16.087984      |       0.248539       |       0.243455       |       0.090971       |       0.101957       |
|    5     |       14.391691      |       0.238009       |       0.231935       |       0.089566       |       0.100325       |
-------------------------------------------------------------------------------------------------------------------------------
|    6     |       13.110051      |       0.222894       |       0.212684       |       0.053359       |       0.062329       |
|    7     |       11.636899      |       0.208424       |       0.196741       |       0.029325       |       0.034581       |
|    8     |       11.078248      |       0.202299       |       0.191538       |       0.052479       |       0.059980       |
|    9     |       10.161737      |       0.191585       |       0.177980       |       0.062037       |       0.068240       |
|    10    |       9.265727       |       0.183481       |       0.169344       |       0.086002       |       0.099602       |
-------------------------------------------------------------------------------------------------------------------------------
|    11    |       7.472094       |       0.172962       |       0.157302       |       0.022634       |       0.027699       |
|    12    |       6.376337       |       0.162884       |       0.143339       |       0.021698       |       0.026830       |
|    13    |       6.106038       |       0.159495       |       0.138989       |       0.024124       |       0.029732       |
|    14    |       5.801433       |       0.157469       |       0.136531       |       0.022903       |       0.028016       |
|    15    |       5.603993       |       0.155532       |       0.134076       |       0.023206       |       0.028774       |
-------------------------------------------------------------------------------------------------------------------------------
|    16    |       5.346901       |       0.154138       |       0.132183       |       0.022173       |       0.027479       |
|    17    |       5.304031       |       0.152830       |       0.130686       |       0.024826       |       0.030142       |
|    18    |       5.160706       |       0.151685       |       0.129161       |       0.021552       |       0.026478       |
|    19    |       4.989574       |       0.150722       |       0.128029       |       0.023940       |       0.029156       |
|    20    |       4.878704       |       0.149690       |       0.126389       |       0.023821       |       0.029355       |
-------------------------------------------------------------------------------------------------------------------------------
|    21    |       4.804969       |       0.148689       |       0.125410       |       0.025786       |       0.031483       |
|    22    |       4.686909       |       0.148126       |       0.124617       |       0.023652       |       0.028875       |
|    23    |       4.656851       |       0.147789       |       0.124296       |       0.025632       |       0.031059       |
|    24    |       4.662623       |       0.147610       |       0.124041       |       0.026207       |       0.031719       |
|    25    |       4.637559       |       0.147181       |       0.123706       |       0.024781       |       0.030197       |
-------------------------------------------------------------------------------------------------------------------------------
|    26    |       4.582713       |       0.147263       |       0.123618       |       0.023191       |       0.028260       |
|    27    |       4.582158       |       0.147159       |       0.123541       |       0.023617       |       0.028734       |
|    28    |       4.559996       |       0.147169       |       0.123458       |       0.024598       |       0.029958       |
|    29    |       4.614842       |       0.147040       |       0.123408       |       0.025513       |       0.031107       |
|    30    |       4.577986       |       0.146991       |       0.123253       |       0.024261       |       0.029359       |
-------------------------------------------------------------------------------------------------------------------------------
|    31    |       4.533566       |       0.146613       |       0.122741       |       0.024249       |       0.029304       |
|    32    |       4.538716       |       0.146599       |       0.122832       |       0.024241       |       0.029588       |
|    33    |       4.557051       |       0.146676       |       0.122885       |       0.024399       |       0.029553       |
|    34    |       4.498825       |       0.146432       |       0.122755       |       0.024930       |       0.030350       |
|    35    |       4.553690       |       0.146742       |       0.122905       |       0.023761       |       0.028972       |
-------------------------------------------------------------------------------------------------------------------------------
|    36    |       4.525421       |       0.146469       |       0.122756       |       0.023927       |       0.029134       |
|    37    |       4.504407       |       0.146395       |       0.122660       |       0.024131       |       0.029280       |
|    38    |       4.562121       |       0.146529       |       0.122843       |       0.023956       |       0.029081       |
|    39    |       4.573190       |       0.146730       |       0.123029       |       0.024304       |       0.029532       |
|    40    |       4.538261       |       0.146638       |       0.122953       |       0.023392       |       0.028467       |
-------------------------------------------------------------------------------------------------------------------------------
