Training Results - Started at: 2025-05-17 15:00:25
Training Completed - Ended at: 2025-05-18 08:20:41
------------------------------------------------------------------------------------------------------------------------------
|  Epoch   |    Semantic Loss  |    Detail Loss   |    Matte Loss    |       MSE        |       MAD      |  Inference Time   |
------------------------------------------------------------------------------------------------------------------------------
|    1     |     37.808281     |     0.530676     |     0.586683     |     0.237961     |    0.265682    |       17.56       |
|    2     |     23.077678     |     0.344128     |     0.352106     |     0.192538     |    0.216123    |       15.09       |
|    3     |     18.022667     |     0.293658     |     0.290200     |     0.081950     |    0.094119    |       15.68       |
|    4     |     16.056659     |     0.267857     |     0.263120     |     0.055578     |    0.064512    |       16.01       |
|    5     |     14.124836     |     0.243476     |     0.234250     |     0.266450     |    0.283470    |       14.76       |
------------------------------------------------------------------------------------------------------------------------------
|    6     |     12.800441     |     0.228205     |     0.218755     |     0.083774     |    0.093441    |       15.81       |
|    7     |     11.508030     |     0.213124     |     0.200657     |     0.077238     |    0.088092    |       15.88       |
|    8     |     10.428096     |     0.203958     |     0.190412     |     0.105102     |    0.113917    |       14.60       |
|    9     |     9.951354      |     0.196343     |     0.182299     |     0.032300     |    0.038079    |       15.67       |
|    10    |     10.026604     |     0.190478     |     0.174903     |     0.180797     |    0.195172    |       15.33       |
------------------------------------------------------------------------------------------------------------------------------
|    11    |     8.918587      |     0.184297     |     0.168792     |     0.282487     |    0.299704    |       15.83       |
|    12    |     9.177539      |     0.180476     |     0.164347     |     0.033714     |    0.038967    |       14.69       |
|    13    |     8.464731      |     0.178540     |     0.163407     |     0.053934     |    0.061564    |       15.21       |
|    14    |     7.529563      |     0.171860     |     0.154452     |     0.074139     |    0.080351    |       14.03       |
|    15    |     7.196754      |     0.164998     |     0.146106     |     0.171483     |    0.182365    |       15.45       |
------------------------------------------------------------------------------------------------------------------------------
|    16    |     7.320762      |     0.172965     |     0.158597     |     0.053654     |    0.060642    |       14.54       |
|    17    |     6.334662      |     0.157711     |     0.137373     |     0.065516     |    0.072565    |       15.20       |
|    18    |     5.914283      |     0.154484     |     0.134087     |     0.074871     |    0.083540    |       14.09       |
|    19    |     5.580519      |     0.153359     |     0.132770     |     0.083908     |    0.093128    |       14.89       |
|    20    |     5.351301      |     0.150034     |     0.129396     |     0.313146     |    0.324800    |       15.30       |
------------------------------------------------------------------------------------------------------------------------------
|    21    |     5.316759      |     0.147514     |     0.126544     |     0.051243     |    0.058832    |       15.11       |
|    22    |     4.780003      |     0.142593     |     0.119934     |     0.060315     |    0.065841    |       15.62       |
|    23    |     4.716767      |     0.141028     |     0.118559     |     0.035411     |    0.042145    |       15.47       |
|    24    |     4.985635      |     0.142564     |     0.121197     |     0.036814     |    0.044147    |       15.56       |
|    25    |     4.412583      |     0.138155     |     0.115482     |     0.027008     |    0.032102    |       14.42       |
------------------------------------------------------------------------------------------------------------------------------
|    26    |     3.666044      |     0.132369     |     0.108611     |     0.017813     |    0.022120    |       14.63       |
|    27    |     3.322789      |     0.128215     |     0.103343     |     0.019427     |    0.024135    |       14.58       |
|    28    |     3.171669      |     0.126583     |     0.101452     |     0.020846     |    0.025632    |       14.92       |
|    29    |     3.055152      |     0.125626     |     0.100351     |     0.019704     |    0.024341    |       14.34       |
|    30    |     2.976440      |     0.124882     |     0.099492     |     0.018242     |    0.022609    |       14.40       |
------------------------------------------------------------------------------------------------------------------------------
|    31    |     2.886198      |     0.124289     |     0.098709     |     0.021629     |    0.026917    |       14.15       |
|    32    |     2.907910      |     0.123832     |     0.098259     |     0.025577     |    0.031498    |       14.37       |
|    33    |     2.821062      |     0.122906     |     0.097216     |     0.024709     |    0.030586    |       14.91       |
|    34    |     2.767931      |     0.122263     |     0.096512     |     0.027324     |    0.032994    |       15.43       |
|    35    |     2.726277      |     0.121926     |     0.096054     |     0.019922     |    0.024756    |       14.24       |
------------------------------------------------------------------------------------------------------------------------------
|    36    |     2.720724      |     0.121875     |     0.096004     |     0.026135     |    0.032101    |       14.93       |
|    37    |     2.653521      |     0.121328     |     0.095412     |     0.024270     |    0.030062    |       14.31       |
|    38    |     2.614530      |     0.120840     |     0.094771     |     0.023069     |    0.028537    |       14.75       |
|    39    |     2.576365      |     0.120462     |     0.094406     |     0.025740     |    0.031411    |       15.57       |
|    40    |     2.572541      |     0.119985     |     0.093959     |     0.023989     |    0.029515    |       14.19       |
------------------------------------------------------------------------------------------------------------------------------
|    41    |     2.511680      |     0.119754     |     0.093664     |     0.022106     |    0.027274    |       15.32       |
|    42    |     2.518783      |     0.119378     |     0.093234     |     0.021690     |    0.026964    |       15.44       |
|    43    |     2.467910      |     0.119040     |     0.092886     |     0.026262     |    0.031986    |       15.16       |
|    44    |     2.433585      |     0.118714     |     0.092567     |     0.031962     |    0.038458    |       13.99       |
|    45    |     2.435523      |     0.118400     |     0.092270     |     0.027576     |    0.033693    |       13.89       |
------------------------------------------------------------------------------------------------------------------------------
|    46    |     2.403006      |     0.117938     |     0.091824     |     0.032841     |    0.039417    |       15.28       |
|    47    |     2.370946      |     0.117721     |     0.091560     |     0.022873     |    0.028380    |       15.17       |
|    48    |     2.362932      |     0.117329     |     0.091102     |     0.032040     |    0.038553    |       14.55       |
|    49    |     2.364373      |     0.117197     |     0.090979     |     0.035526     |    0.042131    |       15.51       |
|    50    |     2.312764      |     0.116992     |     0.090713     |     0.031601     |    0.037756    |       15.54       |
------------------------------------------------------------------------------------------------------------------------------
|    51    |     2.293734      |     0.116526     |     0.090333     |     0.026734     |    0.032716    |       15.32       |
|    52    |     2.260961      |     0.116352     |     0.089971     |     0.026889     |    0.032820    |       15.30       |
|    53    |     2.271392      |     0.116161     |     0.089892     |     0.029023     |    0.035112    |       15.22       |
|    54    |     2.256961      |     0.116244     |     0.089927     |     0.025423     |    0.031155    |       15.57       |
|    55    |     2.266352      |     0.116207     |     0.089919     |     0.026989     |    0.032916    |       15.18       |
------------------------------------------------------------------------------------------------------------------------------
|    56    |     2.261427      |     0.116091     |     0.089785     |     0.028456     |    0.034440    |       14.54       |
|    57    |     2.253820      |     0.116076     |     0.089854     |     0.028116     |    0.034052    |       15.88       |
|    58    |     2.263012      |     0.116133     |     0.089791     |     0.026501     |    0.032381    |       14.57       |
|    59    |     2.219041      |     0.115834     |     0.089600     |     0.029384     |    0.035330    |       14.37       |
|    60    |     2.227816      |     0.115881     |     0.089563     |     0.030771     |    0.036899    |       14.02       |
------------------------------------------------------------------------------------------------------------------------------
|    61    |     2.227568      |     0.115674     |     0.089433     |     0.024935     |    0.030515    |       14.33       |
|    62    |     2.248416      |     0.115865     |     0.089643     |     0.029987     |    0.036127    |       15.52       |
|    63    |     2.233163      |     0.115678     |     0.089433     |     0.030199     |    0.036449    |       15.31       |
|    64    |     2.224420      |     0.115864     |     0.089446     |     0.029870     |    0.036048    |       15.07       |
|    65    |     2.215327      |     0.115704     |     0.089385     |     0.029671     |    0.035742    |       14.10       |
------------------------------------------------------------------------------------------------------------------------------
|    66    |     2.236712      |     0.115827     |     0.089470     |     0.028587     |    0.034581    |       15.14       |
|    67    |     2.224969      |     0.115743     |     0.089382     |     0.029948     |    0.036104    |       14.92       |
|    68    |     2.234902      |     0.115477     |     0.089194     |     0.026300     |    0.032141    |       15.08       |
|    69    |     2.223831      |     0.115661     |     0.089323     |     0.029846     |    0.035827    |       15.54       |
|    70    |     2.215430      |     0.115452     |     0.089134     |     0.028204     |    0.034212    |       14.56       |
------------------------------------------------------------------------------------------------------------------------------
|    71    |     2.208997      |     0.115389     |     0.089073     |     0.030296     |    0.036440    |       14.25       |
|    72    |     2.200665      |     0.115488     |     0.089168     |     0.027496     |    0.033388    |       15.05       |
|    73    |     2.209776      |     0.115396     |     0.089091     |     0.026991     |    0.032741    |       14.54       |
|    74    |     2.203850      |     0.115257     |     0.088941     |     0.026725     |    0.032536    |       14.93       |
|    75    |     2.201828      |     0.115294     |     0.088953     |     0.024837     |    0.030399    |       15.24       |
------------------------------------------------------------------------------------------------------------------------------
|    76    |     2.206507      |     0.115331     |     0.089087     |     0.032362     |    0.038608    |       14.93       |
|    77    |     2.178177      |     0.115106     |     0.088784     |     0.025384     |    0.031132    |       14.99       |
|    78    |     2.182947      |     0.115227     |     0.088836     |     0.025660     |    0.031442    |       13.99       |
|    79    |     2.204789      |     0.115264     |     0.088995     |     0.023511     |    0.029071    |       15.35       |
|    80    |     2.209135      |     0.115369     |     0.089075     |     0.029001     |    0.035095    |       14.75       |
------------------------------------------------------------------------------------------------------------------------------
|    81    |     2.195430      |     0.115423     |     0.089108     |     0.026272     |    0.032132    |       14.94       |
|    82    |     2.185867      |     0.115299     |     0.089018     |     0.030492     |    0.036699    |       15.18       |
|    83    |     2.185360      |     0.115225     |     0.088888     |     0.026135     |    0.032015    |       14.91       |
|    84    |     2.192057      |     0.115356     |     0.089063     |     0.027784     |    0.033749    |       15.77       |
|    85    |     2.215401      |     0.115345     |     0.089066     |     0.025698     |    0.031414    |       13.86       |
------------------------------------------------------------------------------------------------------------------------------
|    86    |     2.212018      |     0.115429     |     0.089078     |     0.031506     |    0.037951    |       15.66       |
|    87    |     2.198327      |     0.115318     |     0.088999     |     0.025280     |    0.031028    |       13.89       |
|    88    |     2.188351      |     0.115212     |     0.088885     |     0.027315     |    0.033145    |       13.91       |
|    89    |     2.191703      |     0.115349     |     0.088974     |     0.025922     |    0.031856    |       15.67       |
|    90    |     2.193617      |     0.115360     |     0.089039     |     0.028021     |    0.033970    |       14.13       |
------------------------------------------------------------------------------------------------------------------------------
|    91    |     2.181463      |     0.115134     |     0.088828     |     0.025659     |    0.031374    |       15.85       |
|    92    |     2.200172      |     0.115412     |     0.089081     |     0.025221     |    0.030877    |       15.35       |
|    93    |     2.199830      |     0.115180     |     0.088941     |     0.025321     |    0.030973    |       15.19       |
|    94    |     2.217376      |     0.115439     |     0.089063     |     0.031176     |    0.037432    |       15.22       |
|    95    |     2.205506      |     0.115219     |     0.088882     |     0.029034     |    0.035222    |       15.21       |
------------------------------------------------------------------------------------------------------------------------------
|    96    |     2.186272      |     0.115250     |     0.088970     |     0.027210     |    0.033194    |       14.34       |
|    97    |     2.190238      |     0.115392     |     0.089052     |     0.028907     |    0.034922    |       15.33       |
|    98    |     2.210535      |     0.115002     |     0.088734     |     0.028505     |    0.034440    |       14.60       |
|    99    |     2.197348      |     0.115480     |     0.089068     |     0.026861     |    0.032701    |       15.35       |
|   100    |     2.192620      |     0.115289     |     0.088965     |     0.024250     |    0.029839    |       14.20       |
------------------------------------------------------------------------------------------------------------------------------
平均14.49s
最短时长：13.86s
最好结果推理时间：14.63s
MSE平均值: 0.047389
MAD平均值: 0.054365