Training Results - Started at: 2025-04-24 13:59:31
Training Completed - Ended at: 2025-04-25 23:09:11
------------------------------------------------------------------------------------------------------------------------------
|  Epoch   |    Semantic Loss  |    Detail Loss   |    Matte Loss    |       MSE        |       MAD      |  Inference Time   |
------------------------------------------------------------------------------------------------------------------------------
|    1     |     39.239392     |     0.662581     |     0.566009     |     0.238117     |    0.257994    |       16.05       |
|    2     |     26.366007     |     0.564784     |     0.357898     |     0.093910     |    0.107576    |       15.50       |
|    3     |     22.408435     |     0.544288     |     0.307331     |     0.078370     |    0.092697    |       15.18       |
|    4     |     20.184223     |     0.531507     |     0.276604     |     0.051254     |    0.059027    |       15.45       |
|    5     |     18.607357     |     0.522004     |     0.255412     |     0.050705     |    0.058072    |       14.44       |
------------------------------------------------------------------------------------------------------------------------------
|    6     |     17.351053     |     0.514515     |     0.237486     |     0.048237     |    0.055418    |       15.23       |
|    7     |     15.765574     |     0.508738     |     0.222493     |     0.042894     |    0.049366    |       15.50       |
|    8     |     14.739043     |     0.504259     |     0.211117     |     0.042980     |    0.049628    |       14.84       |
|    9     |     14.154190     |     0.500118     |     0.202262     |     0.047264     |    0.054608    |       14.77       |
|    10    |     13.378596     |     0.496916     |     0.192382     |     0.168179     |    0.180964    |       15.12       |
------------------------------------------------------------------------------------------------------------------------------
|    11    |     12.763203     |     0.495555     |     0.189479     |     0.061341     |    0.071084    |       15.19       |
|    12    |     11.937338     |     0.492197     |     0.180140     |     0.037827     |    0.043251    |       15.74       |
|    13    |     11.533839     |     0.489174     |     0.172633     |     0.040574     |    0.046200    |       15.04       |
|    14    |     10.968492     |     0.486377     |     0.166560     |     0.059987     |    0.069371    |       14.43       |
|    15    |     10.509242     |     0.485287     |     0.161766     |     0.122227     |    0.130529    |       15.21       |
------------------------------------------------------------------------------------------------------------------------------
|    16    |     9.815112      |     0.482236     |     0.156102     |     0.070514     |    0.076950    |       15.45       |
|    17    |     10.166180     |     0.481108     |     0.153636     |     0.082872     |    0.093141    |       14.60       |
|    18    |     10.099741     |     0.482378     |     0.159017     |     0.105496     |    0.115145    |       15.11       |
|    19    |     9.511945      |     0.479852     |     0.150864     |     0.038196     |    0.043140    |       14.51       |
|    20    |     8.631561      |     0.478270     |     0.145072     |     0.038708     |    0.043822    |       14.57       |
------------------------------------------------------------------------------------------------------------------------------
|    21    |     8.334164      |     0.474771     |     0.138096     |     0.030878     |    0.035464    |       15.36       |
|    22    |     8.457890      |     0.475289     |     0.138726     |     0.029684     |    0.034239    |       14.81       |
|    23    |     7.480395      |     0.472733     |     0.132406     |     0.030330     |    0.034718    |       14.78       |
|    24    |     7.156807      |     0.469930     |     0.127701     |     0.030262     |    0.035005    |       14.87       |
|    25    |     7.193301      |     0.470672     |     0.126618     |     0.127091     |    0.136049    |       14.78       |
------------------------------------------------------------------------------------------------------------------------------
|    26    |     6.812257      |     0.470789     |     0.127863     |     0.030087     |    0.034670    |       14.50       |
|    27    |     5.838502      |     0.466194     |     0.115753     |     0.027803     |    0.032321    |       14.94       |
|    28    |     5.548705      |     0.465112     |     0.112323     |     0.027759     |    0.032124    |       14.76       |
|    29    |     5.364545      |     0.464671     |     0.110746     |     0.027030     |    0.031258    |       15.68       |
|    30    |     5.183794      |     0.464538     |     0.109270     |     0.027296     |    0.031669    |       14.47       |
------------------------------------------------------------------------------------------------------------------------------
|    31    |     5.039299      |     0.463783     |     0.107774     |     0.026812     |    0.031210    |       14.69       |
|    32    |     4.965724      |     0.462524     |     0.107019     |     0.027474     |    0.031851    |       14.57       |
|    33    |     4.897770      |     0.461929     |     0.106184     |     0.026294     |    0.030561    |       14.71       |
|    34    |     4.744694      |     0.462867     |     0.105020     |     0.026515     |    0.030875    |       14.83       |
|    35    |     4.733009      |     0.462120     |     0.104432     |     0.027087     |    0.031444    |       15.17       |
------------------------------------------------------------------------------------------------------------------------------
|    36    |     4.660370      |     0.461976     |     0.104122     |     0.025552     |    0.029748    |       15.22       |
|    37    |     4.620503      |     0.461762     |     0.103332     |     0.025474     |    0.029741    |       15.00       |
|    38    |     4.610087      |     0.460830     |     0.102766     |     0.028067     |    0.032517    |       14.65       |
|    39    |     4.488926      |     0.461355     |     0.102272     |     0.027744     |    0.032241    |       15.03       |
|    40    |     4.476766      |     0.460374     |     0.101688     |     0.028706     |    0.033216    |       14.29       |
------------------------------------------------------------------------------------------------------------------------------
|    41    |     4.435930      |     0.460815     |     0.101414     |     0.026125     |    0.030540    |       14.60       |
|    42    |     4.401771      |     0.460759     |     0.100746     |     0.027064     |    0.031413    |       15.28       |
|    43    |     4.307855      |     0.460161     |     0.100334     |     0.027271     |    0.031751    |       14.85       |
|    44    |     4.304813      |     0.459653     |     0.099802     |     0.026802     |    0.031235    |       15.00       |
|    45    |     4.245989      |     0.459535     |     0.099593     |     0.026124     |    0.030182    |       14.71       |
------------------------------------------------------------------------------------------------------------------------------
|    46    |     4.204508      |     0.460399     |     0.099010     |     0.025305     |    0.029561    |       14.62       |
|    47    |     4.194445      |     0.459595     |     0.098688     |     0.025547     |    0.029880    |       14.51       |
|    48    |     4.138881      |     0.459523     |     0.098463     |     0.027091     |    0.031521    |       14.45       |
|    49    |     4.070191      |     0.459227     |     0.097881     |     0.025657     |    0.029834    |       14.81       |
|    50    |     4.069869      |     0.458934     |     0.097340     |     0.025051     |    0.029308    |       14.43       |
------------------------------------------------------------------------------------------------------------------------------
|    51    |     4.019788      |     0.459286     |     0.096751     |     0.025239     |    0.029464    |       14.82       |
|    52    |     4.010081      |     0.458456     |     0.096659     |     0.024940     |    0.029145    |       14.33       |
|    53    |     4.001942      |     0.458811     |     0.096683     |     0.026489     |    0.030870    |       14.59       |
|    54    |     4.017354      |     0.459725     |     0.096800     |     0.026257     |    0.030513    |       14.15       |
|    55    |     3.960033      |     0.458788     |     0.096611     |     0.025706     |    0.029924    |       14.59       |
------------------------------------------------------------------------------------------------------------------------------
|    56    |     3.954864      |     0.458358     |     0.096109     |     0.024649     |    0.028779    |       14.80       |
|    57    |     3.959691      |     0.458092     |     0.096137     |     0.025482     |    0.029713    |       14.93       |
|    58    |     3.961218      |     0.459431     |     0.096410     |     0.026025     |    0.030288    |       14.60       |
|    59    |     3.974260      |     0.457787     |     0.096344     |     0.025840     |    0.030136    |       14.74       |
|    60    |     3.977237      |     0.459093     |     0.096462     |     0.026008     |    0.030357    |       14.96       |
------------------------------------------------------------------------------------------------------------------------------
|    61    |     3.937555      |     0.459553     |     0.096053     |     0.025302     |    0.029508    |       14.46       |
|    62    |     3.925006      |     0.458406     |     0.096077     |     0.026003     |    0.030297    |       14.59       |
|    63    |     3.940779      |     0.458047     |     0.096082     |     0.025116     |    0.029375    |       15.04       |
|    64    |     3.926788      |     0.459111     |     0.096041     |     0.025100     |    0.029311    |       14.48       |
|    65    |     3.950577      |     0.458749     |     0.096022     |     0.024742     |    0.029032    |       14.73       |
------------------------------------------------------------------------------------------------------------------------------
|    66    |     3.901621      |     0.458459     |     0.095820     |     0.024226     |    0.028449    |       14.44       |
|    67    |     3.921830      |     0.458530     |     0.095856     |     0.025845     |    0.030139    |       13.79       |
|    68    |     3.920959      |     0.458589     |     0.095785     |     0.025858     |    0.030196    |       14.22       |
|    69    |     3.949832      |     0.459152     |     0.095995     |     0.024570     |    0.028767    |       14.36       |
|    70    |     3.942853      |     0.458453     |     0.095904     |     0.025631     |    0.029848    |       15.00       |
------------------------------------------------------------------------------------------------------------------------------
|    71    |     3.899133      |     0.458321     |     0.095670     |     0.026575     |    0.030896    |       14.33       |
|    72    |     3.911766      |     0.457431     |     0.095636     |     0.025564     |    0.029761    |       14.00       |
|    73    |     3.896565      |     0.457821     |     0.095480     |     0.025202     |    0.029443    |       14.07       |
|    74    |     3.886014      |     0.458625     |     0.095474     |     0.025471     |    0.029706    |       13.99       |
|    75    |     3.898545      |     0.458001     |     0.095480     |     0.025666     |    0.029980    |       14.20       |
------------------------------------------------------------------------------------------------------------------------------
|    76    |     3.884651      |     0.458112     |     0.095374     |     0.026186     |    0.030577    |       13.73       |
|    77    |     3.889780      |     0.459377     |     0.095445     |     0.025695     |    0.030010    |       14.50       |
|    78    |     3.907062      |     0.458324     |     0.095746     |     0.026489     |    0.030706    |       14.51       |
|    79    |     3.893126      |     0.458343     |     0.095512     |     0.025909     |    0.030206    |       13.90       |
|    80    |     3.907913      |     0.458127     |     0.095592     |     0.025256     |    0.029504    |       14.60       |
------------------------------------------------------------------------------------------------------------------------------
|    81    |     3.907621      |     0.457909     |     0.095449     |     0.025793     |    0.030023    |       13.93       |
|    82    |     3.867715      |     0.458697     |     0.095554     |     0.025628     |    0.029846    |       14.13       |
|    83    |     3.884833      |     0.458294     |     0.095615     |     0.025408     |    0.029665    |       14.98       |
|    84    |     3.884660      |     0.457761     |     0.095437     |     0.025549     |    0.029759    |       14.83       |
|    85    |     3.898978      |     0.458485     |     0.095535     |     0.025087     |    0.029301    |       14.69       |
------------------------------------------------------------------------------------------------------------------------------
|    86    |     3.903359      |     0.458637     |     0.095392     |     0.025180     |    0.029475    |       14.85       |
|    87    |     3.871296      |     0.458473     |     0.095336     |     0.025788     |    0.030020    |       14.62       |
|    88    |     3.882653      |     0.458252     |     0.095418     |     0.024770     |    0.029011    |       15.11       |
|    89    |     3.904611      |     0.457989     |     0.095330     |     0.024354     |    0.028617    |       14.46       |
|    90    |     3.874460      |     0.458595     |     0.095375     |     0.025649     |    0.029832    |       14.44       |
------------------------------------------------------------------------------------------------------------------------------
|    91    |     3.859588      |     0.458892     |     0.095327     |     0.025476     |    0.029740    |       14.13       |
|    92    |     3.896151      |     0.457899     |     0.095519     |     0.025362     |    0.029526    |       14.25       |
|    93    |     3.893421      |     0.458574     |     0.095275     |     0.025998     |    0.030334    |       14.06       |
|    94    |     3.909573      |     0.458948     |     0.095648     |     0.025244     |    0.029534    |       14.47       |
|    95    |     3.883541      |     0.458454     |     0.095471     |     0.026126     |    0.030415    |       14.41       |
------------------------------------------------------------------------------------------------------------------------------
|    96    |     3.879062      |     0.458483     |     0.095320     |     0.024713     |    0.029007    |       14.04       |
|    97    |     3.895414      |     0.458758     |     0.095774     |     0.024840     |    0.029113    |       14.03       |
|    98    |     3.862932      |     0.458835     |     0.095355     |     0.024432     |    0.028649    |       14.47       |
|    99    |     3.860788      |     0.458052     |     0.095424     |     0.026339     |    0.030643    |       14.45       |
|   100    |     3.892526      |     0.457571     |     0.095437     |     0.025458     |    0.029649    |       14.43       |
------------------------------------------------------------------------------------------------------------------------------
