Training Results - Started at: 2025-04-10 20:48:59
Training Completed - Ended at: 2025-04-11 11:29:44
--------------------------------------------------------------------------------------------------------------------------------------------
|  Epoch   |    Semantic Loss  |    Detail Loss   |    Matte Loss    |       MSE        |       MAD      |  Inference Time   |
--------------------------------------------------------------------------------------------------------------------------------------------
|    1     |     43.199074     |     0.700749     |     0.608166     |     0.149761     |    0.161568    |       15.90       |
|    2     |     29.411238     |     0.592930     |     0.394591     |     0.120448     |    0.139251    |       15.88       |
|    3     |     25.014682     |     0.563397     |     0.340247     |     0.126838     |    0.140045    |       15.66       |
|    4     |     22.461809     |     0.546119     |     0.302131     |     0.067146     |    0.079086    |       16.26       |
|    5     |     20.770545     |     0.535682     |     0.279418     |     0.099025     |    0.112816    |       16.14       |
--------------------------------------------------------------------------------------------------------------------------------------------
|    6     |     19.213896     |     0.528571     |     0.265269     |     0.067113     |    0.075412    |       16.31       |
|    7     |     17.695124     |     0.522310     |     0.250969     |     0.085727     |    0.098140    |       16.12       |
|    8     |     16.653626     |     0.515163     |     0.234124     |     0.034826     |    0.040534    |       15.68       |
|    9     |     15.968593     |     0.511391     |     0.225174     |     0.030230     |    0.036012    |       15.87       |
|    10    |     14.663033     |     0.507660     |     0.214260     |     0.030826     |    0.035923    |       16.00       |
--------------------------------------------------------------------------------------------------------------------------------------------
|    11    |     13.496171     |     0.502324     |     0.200769     |     0.028383     |    0.033969    |       15.82       |
|    12    |     12.906856     |     0.499492     |     0.194423     |     0.044011     |    0.050239    |       16.43       |
|    13    |     12.015902     |     0.496091     |     0.184452     |     0.054668     |    0.062045    |       16.08       |
|    14    |     11.565651     |     0.492998     |     0.179528     |     0.051112     |    0.059156    |       16.29       |
|    15    |     11.237761     |     0.491172     |     0.173239     |     0.045692     |    0.054678    |       16.20       |
--------------------------------------------------------------------------------------------------------------------------------------------
|    16    |     10.707677     |     0.489739     |     0.169830     |     0.043089     |    0.049391    |       15.73       |
|    17    |     9.761515      |     0.487702     |     0.166509     |     0.044371     |    0.054092    |       15.89       |
|    18    |     9.324260      |     0.483280     |     0.154962     |     0.033166     |    0.038396    |       15.96       |
|    19    |     9.135310      |     0.484129     |     0.155514     |     0.031806     |    0.037109    |       16.21       |
|    20    |     8.633845      |     0.481104     |     0.149113     |     0.068533     |    0.076061    |       15.82       |
--------------------------------------------------------------------------------------------------------------------------------------------
|    21    |     8.629077      |     0.480987     |     0.149132     |     0.033004     |    0.038281    |       15.82       |
|    22    |     7.946561      |     0.478735     |     0.143903     |     0.048733     |    0.055394    |       15.90       |
|    23    |     7.180913      |     0.476407     |     0.137047     |     0.029281     |    0.034259    |       16.04       |
|    24    |     7.099104      |     0.474698     |     0.133511     |     0.055110     |    0.062110    |       16.20       |
|    25    |     6.782661      |     0.473965     |     0.133206     |     0.034929     |    0.040363    |       16.48       |
--------------------------------------------------------------------------------------------------------------------------------------------
|    26    |     5.592330      |     0.470521     |     0.122571     |     0.028183     |    0.033264    |       16.25       |
|    27    |     4.972583      |     0.467782     |     0.115303     |     0.028329     |    0.033502    |       16.57       |
|    28    |     4.774212      |     0.465750     |     0.112761     |     0.028631     |    0.033898    |       16.56       |
|    29    |     4.591425      |     0.465823     |     0.111675     |     0.027383     |    0.032486    |       16.21       |
|    30    |     4.472143      |     0.465500     |     0.110654     |     0.027352     |    0.032510    |       15.90       |
--------------------------------------------------------------------------------------------------------------------------------------------
|    31    |     4.393837      |     0.464473     |     0.109438     |     0.028471     |    0.033736    |       16.23       |
|    32    |     4.267427      |     0.464895     |     0.108784     |     0.028935     |    0.034113    |       16.13       |
|    33    |     4.229961      |     0.464253     |     0.107911     |     0.026456     |    0.031648    |       16.08       |
|    34    |     4.161129      |     0.463840     |     0.107427     |     0.029037     |    0.034240    |       16.22       |
|    35    |     4.097361      |     0.464366     |     0.106792     |     0.028540     |    0.033621    |       15.81       |
--------------------------------------------------------------------------------------------------------------------------------------------
|    36    |     4.029431      |     0.463597     |     0.106292     |     0.026530     |    0.031703    |       16.20       |
|    37    |     3.966609      |     0.463327     |     0.105471     |     0.027985     |    0.033031    |       15.98       |
|    38    |     3.878611      |     0.463140     |     0.104716     |     0.025560     |    0.030681    |       15.91       |
|    39    |     3.876984      |     0.462344     |     0.104455     |     0.026210     |    0.031437    |       16.08       |
|    40    |     3.820322      |     0.463099     |     0.103833     |     0.031890     |    0.038229    |       16.18       |
--------------------------------------------------------------------------------------------------------------------------------------------
|    41    |     3.778670      |     0.462258     |     0.103586     |     0.024682     |    0.029757    |       16.30       |
|    42    |     3.723865      |     0.462200     |     0.103042     |     0.026126     |    0.031351    |       15.84       |
|    43    |     3.667407      |     0.462078     |     0.102286     |     0.025831     |    0.030879    |       15.97       |
|    44    |     3.632259      |     0.462052     |     0.102043     |     0.025281     |    0.030490    |       15.96       |
|    45    |     3.606550      |     0.461367     |     0.101794     |     0.024333     |    0.029412    |       16.11       |
--------------------------------------------------------------------------------------------------------------------------------------------
|    46    |     3.578798      |     0.461483     |     0.101308     |     0.026497     |    0.031719    |       15.64       |
|    47    |     3.486847      |     0.462240     |     0.100856     |     0.025302     |    0.030357    |       16.37       |
|    48    |     3.460055      |     0.461208     |     0.100435     |     0.024184     |    0.029269    |       16.38       |
|    49    |     3.402641      |     0.460987     |     0.099834     |     0.025299     |    0.030491    |       16.64       |
|    50    |     3.378373      |     0.460267     |     0.099438     |     0.027255     |    0.032413    |       15.78       |
--------------------------------------------------------------------------------------------------------------------------------------------
|    51    |     3.310192      |     0.460687     |     0.098765     |     0.025828     |    0.030863    |       15.88       |
|    52    |     3.304741      |     0.460867     |     0.098601     |     0.025332     |    0.030468    |       15.67       |
|    53    |     3.294346      |     0.460738     |     0.098596     |     0.025108     |    0.030215    |       15.94       |
|    54    |     3.259244      |     0.461004     |     0.098325     |     0.024875     |    0.029987    |       15.87       |
|    55    |     3.295528      |     0.459995     |     0.098447     |     0.024757     |    0.029914    |       16.08       |
--------------------------------------------------------------------------------------------------------------------------------------------
|    56    |     3.321080      |     0.459697     |     0.098400     |     0.023408     |    0.028478    |       16.10       |
|    57    |     3.268927      |     0.460020     |     0.098284     |     0.023490     |    0.028488    |       16.05       |
|    58    |     3.258348      |     0.459832     |     0.098202     |     0.025402     |    0.030574    |       15.70       |
|    59    |     3.251147      |     0.460055     |     0.098125     |     0.025884     |    0.031074    |       15.90       |
|    60    |     3.248257      |     0.460580     |     0.098134     |     0.024914     |    0.030111    |       15.92       |
--------------------------------------------------------------------------------------------------------------------------------------------
|    61    |     3.242326      |     0.460552     |     0.097907     |     0.025033     |    0.030125    |       16.16       |
|    62    |     3.236333      |     0.459307     |     0.097923     |     0.025806     |    0.031047    |       16.06       |
|    63    |     3.269741      |     0.459845     |     0.098149     |     0.023647     |    0.028713    |       15.97       |
|    64    |     3.239177      |     0.459754     |     0.098029     |     0.024524     |    0.029683    |       16.13       |
|    65    |     3.219188      |     0.460955     |     0.097933     |     0.024868     |    0.030053    |       16.28       |
--------------------------------------------------------------------------------------------------------------------------------------------
|    66    |     3.254129      |     0.460206     |     0.097954     |     0.025284     |    0.030418    |       15.86       |
|    67    |     3.238742      |     0.459568     |     0.097945     |     0.024858     |    0.029958    |       16.31       |
|    68    |     3.225830      |     0.459311     |     0.097648     |     0.023909     |    0.028930    |       16.30       |
|    69    |     3.206615      |     0.459951     |     0.097739     |     0.024112     |    0.029171    |       16.60       |
|    70    |     3.211194      |     0.460450     |     0.097705     |     0.023858     |    0.028935    |       15.65       |
--------------------------------------------------------------------------------------------------------------------------------------------
|    71    |     3.223188      |     0.460051     |     0.097828     |     0.025662     |    0.030926    |       16.14       |
|    72    |     3.209411      |     0.459274     |     0.097353     |     0.024061     |    0.029117    |       15.65       |
|    73    |     3.183803      |     0.459762     |     0.097294     |     0.023856     |    0.028900    |       15.78       |
|    74    |     3.220267      |     0.459796     |     0.097539     |     0.023879     |    0.029028    |       16.15       |
|    75    |     3.196519      |     0.459543     |     0.097441     |     0.024575     |    0.029726    |       16.03       |
--------------------------------------------------------------------------------------------------------------------------------------------
|    76    |     3.201646      |     0.459700     |     0.097433     |     0.023907     |    0.029150    |       15.79       |
|    77    |     3.181753      |     0.460156     |     0.097519     |     0.025671     |    0.030919    |       16.10       |
|    78    |     3.170242      |     0.459815     |     0.097256     |     0.024437     |    0.029799    |       15.91       |
|    79    |     3.182289      |     0.459894     |     0.097459     |     0.025176     |    0.030408    |       15.99       |
|    80    |     3.191827      |     0.459847     |     0.097446     |     0.025409     |    0.030661    |       15.72       |
--------------------------------------------------------------------------------------------------------------------------------------------
|    81    |     3.198903      |     0.459662     |     0.097536     |     0.023704     |    0.028797    |       15.83       |
|    82    |     3.174808      |     0.459350     |     0.097238     |     0.024856     |    0.030035    |       15.59       |
|    83    |     3.176787      |     0.459421     |     0.097181     |     0.023901     |    0.028957    |       16.01       |
|    84    |     3.177081      |     0.459604     |     0.097607     |     0.024403     |    0.029547    |       16.06       |
|    85    |     3.187640      |     0.459655     |     0.097340     |     0.024140     |    0.029389    |       15.68       |
--------------------------------------------------------------------------------------------------------------------------------------------
|    86    |     3.211042      |     0.460189     |     0.097562     |     0.025153     |    0.030338    |       15.91       |
|    87    |     3.154130      |     0.459929     |     0.097397     |     0.023781     |    0.028927    |       16.18       |
|    88    |     3.173393      |     0.459637     |     0.097325     |     0.024664     |    0.030113    |       16.45       |
|    89    |     3.166079      |     0.460340     |     0.097322     |     0.023824     |    0.028900    |       15.93       |
|    90    |     3.177573      |     0.460024     |     0.097247     |     0.023902     |    0.029035    |       15.69       |
--------------------------------------------------------------------------------------------------------------------------------------------
|    91    |     3.153407      |     0.459758     |     0.097180     |     0.024115     |    0.029523    |       16.38       |
|    92    |     3.206031      |     0.459635     |     0.097458     |     0.024107     |    0.029347    |       15.90       |
|    93    |     3.179134      |     0.459492     |     0.097298     |     0.025034     |    0.030283    |       15.84       |
|    94    |     3.184163      |     0.459745     |     0.097262     |     0.025491     |    0.030744    |       15.74       |
|    95    |     3.181571      |     0.459837     |     0.097416     |     0.023179     |    0.028387    |       15.71       |
--------------------------------------------------------------------------------------------------------------------------------------------
|    96    |     3.163411      |     0.459765     |     0.097281     |     0.023830     |    0.028990    |       15.55       |
|    97    |     3.180290      |     0.460174     |     0.097294     |     0.025157     |    0.030338    |       15.91       |
|    98    |     3.186684      |     0.459982     |     0.097282     |     0.024229     |    0.029338    |       16.04       |
|    99    |     3.193056      |     0.459935     |     0.097465     |     0.025060     |    0.030204    |       16.01       |
|   100    |     3.163592      |     0.460059     |     0.097338     |     0.023437     |    0.028546    |       15.75       |
--------------------------------------------------------------------------------------------------------------------------------------------
