Training Results - Started at: 2025-06-06 20:41:45
Training Completed - Ended at: 2025-06-07 14:21:43
------------------------------------------------------------------------------------------------------------------------------
|  Epoch   |    Semantic Loss  |    Detail Loss   |    Matte Loss    |       MSE        |       MAD      |  Inference Time   |
------------------------------------------------------------------------------------------------------------------------------
|    1     |     23.620024     |     0.262678     |     0.287672     |     0.079002     |    0.089579    |       17.23       |
|    2     |     14.789697     |     0.205075     |     0.209902     |     0.095747     |    0.105547    |       14.77       |
|    3     |     11.900078     |     0.188082     |     0.188894     |     0.046399     |    0.052480    |       14.74       |
|    4     |     9.880387      |     0.161524     |     0.158045     |     0.043677     |    0.050297    |       14.00       |
|    5     |     7.927882      |     0.146841     |     0.138606     |     0.182181     |    0.193540    |       14.57       |
------------------------------------------------------------------------------------------------------------------------------
|    6     |     6.694175      |     0.137312     |     0.127534     |     0.050806     |    0.057916    |       15.50       |
|    7     |     6.455365      |     0.130846     |     0.120209     |     0.063028     |    0.070345    |       14.39       |
|    8     |     5.503157      |     0.125386     |     0.114106     |     0.083841     |    0.089073    |       14.38       |
|    9     |     5.088052      |     0.119897     |     0.107244     |     0.171954     |    0.182877    |       14.18       |
|    10    |     4.665663      |     0.116918     |     0.103129     |     0.092582     |    0.098593    |       15.47       |
------------------------------------------------------------------------------------------------------------------------------
|    11    |     5.144381      |     0.117988     |     0.104943     |     0.028179     |    0.033104    |       14.79       |
|    12    |     4.182164      |     0.114594     |     0.100658     |     0.099874     |    0.105163    |       14.47       |
|    13    |     3.494537      |     0.105958     |     0.090151     |     0.018971     |    0.023405    |       15.48       |
|    14    |     3.454529      |     0.104895     |     0.089504     |     0.087801     |    0.092420    |       14.04       |
|    15    |     3.080608      |     0.105446     |     0.088884     |     0.021481     |    0.026254    |       14.55       |
------------------------------------------------------------------------------------------------------------------------------
|    16    |     3.100694      |     0.101176     |     0.084808     |     0.015855     |    0.019909    |       14.80       |
|    17    |     2.766078      |     0.099881     |     0.083255     |     0.021664     |    0.026151    |       14.89       |
|    18    |     2.680871      |     0.099126     |     0.082681     |     0.010336     |    0.014023    |       15.04       |
|    19    |     2.320571      |     0.094608     |     0.077485     |     0.020934     |    0.026583    |       15.83       |
|    20    |     2.149059      |     0.091924     |     0.074445     |     0.065258     |    0.071803    |       16.19       |
------------------------------------------------------------------------------------------------------------------------------
|    21    |     2.203887      |     0.091554     |     0.074174     |     0.033276     |    0.039118    |       15.36       |
|    22    |     2.217861      |     0.091400     |     0.074033     |     0.057842     |    0.063986    |       14.16       |
|    23    |     1.877651      |     0.090272     |     0.073140     |     0.062163     |    0.069131    |       15.64       |
|    24    |     1.942377      |     0.090116     |     0.073019     |     0.079064     |    0.083400    |       14.44       |
|    25    |     1.910901      |     0.089362     |     0.072604     |     0.019456     |    0.023329    |       14.42       |
------------------------------------------------------------------------------------------------------------------------------
|    26    |     1.690137      |     0.087029     |     0.069649     |     0.011737     |    0.015262    |       13.93       |
|    27    |     1.376178      |     0.082178     |     0.063923     |     0.011740     |    0.015278    |       14.37       |
|    28    |     1.289507      |     0.081039     |     0.062679     |     0.011043     |    0.014507    |       15.63       |
|    29    |     1.232174      |     0.080542     |     0.062069     |     0.010695     |    0.014017    |       14.51       |
|    30    |     1.213079      |     0.079986     |     0.061504     |     0.010651     |    0.014055    |       16.46       |
------------------------------------------------------------------------------------------------------------------------------
|    31    |     1.173494      |     0.079430     |     0.060999     |     0.009935     |    0.013205    |       14.32       |
|    32    |     1.149458      |     0.078979     |     0.060542     |     0.009931     |    0.013237    |       14.53       |
|    33    |     1.138823      |     0.078916     |     0.060382     |     0.010467     |    0.013829    |       13.92       |
|    34    |     1.101101      |     0.078577     |     0.060099     |     0.010480     |    0.013758    |       14.31       |
|    35    |     1.072761      |     0.078173     |     0.059645     |     0.010799     |    0.014133    |       14.57       |
------------------------------------------------------------------------------------------------------------------------------
|    36    |     1.078239      |     0.078115     |     0.059593     |     0.010638     |    0.013975    |       14.67       |
|    37    |     1.049708      |     0.077693     |     0.059126     |     0.010481     |    0.013763    |       16.52       |
|    38    |     1.035993      |     0.077515     |     0.059007     |     0.010290     |    0.013686    |       15.80       |
|    39    |     1.036749      |     0.077341     |     0.058837     |     0.010444     |    0.013806    |       16.19       |
|    40    |     1.026149      |     0.077093     |     0.058600     |     0.009998     |    0.013277    |       15.69       |
------------------------------------------------------------------------------------------------------------------------------
|    41    |     1.009940      |     0.076773     |     0.058319     |     0.009821     |    0.013063    |       14.51       |
|    42    |     1.021107      |     0.076756     |     0.058283     |     0.010186     |    0.013446    |       16.36       |
|    43    |     0.975883      |     0.076512     |     0.058007     |     0.010142     |    0.013363    |       15.95       |
|    44    |     0.990007      |     0.076418     |     0.057915     |     0.010297     |    0.013585    |       14.43       |
|    45    |     0.973082      |     0.076156     |     0.057719     |     0.009969     |    0.013160    |       14.69       |
------------------------------------------------------------------------------------------------------------------------------
|    46    |     0.961022      |     0.075849     |     0.057412     |     0.010194     |    0.013461    |       14.57       |
|    47    |     0.955599      |     0.075813     |     0.057384     |     0.009959     |    0.013192    |       15.27       |
|    48    |     0.953504      |     0.075682     |     0.057208     |     0.009586     |    0.012764    |       16.05       |
|    49    |     0.943678      |     0.075679     |     0.057183     |     0.009654     |    0.012869    |       15.49       |
|    50    |     0.938493      |     0.075376     |     0.056969     |     0.009873     |    0.013096    |       14.48       |
------------------------------------------------------------------------------------------------------------------------------
|    51    |     0.927211      |     0.075239     |     0.056894     |     0.010010     |    0.013262    |       14.19       |
|    52    |     0.924004      |     0.075249     |     0.056836     |     0.009846     |    0.013053    |       14.92       |
|    53    |     0.917820      |     0.074986     |     0.056603     |     0.009853     |    0.013056    |       14.84       |
|    54    |     0.903118      |     0.074987     |     0.056533     |     0.010144     |    0.013365    |       14.03       |
|    55    |     0.915655      |     0.075076     |     0.056659     |     0.009681     |    0.012918    |       15.20       |
------------------------------------------------------------------------------------------------------------------------------
|    56    |     0.914855      |     0.074920     |     0.056498     |     0.009837     |    0.013082    |       15.19       |
|    57    |     0.925422      |     0.074982     |     0.056629     |     0.010048     |    0.013323    |       15.33       |
|    58    |     0.908011      |     0.074828     |     0.056443     |     0.009978     |    0.013227    |       15.11       |
|    59    |     0.902401      |     0.074873     |     0.056503     |     0.009857     |    0.013091    |       14.58       |
|    60    |     0.914448      |     0.074874     |     0.056484     |     0.010079     |    0.013327    |       14.95       |
------------------------------------------------------------------------------------------------------------------------------
|    61    |     0.902610      |     0.074835     |     0.056435     |     0.009875     |    0.013103    |       15.53       |
|    62    |     0.905898      |     0.074717     |     0.056327     |     0.010123     |    0.013380    |       13.70       |
|    63    |     0.906523      |     0.074872     |     0.056468     |     0.009972     |    0.013205    |       14.84       |
|    64    |     0.905794      |     0.074825     |     0.056369     |     0.009763     |    0.012977    |       13.99       |
|    65    |     0.905057      |     0.074868     |     0.056452     |     0.009749     |    0.012959    |       13.96       |
------------------------------------------------------------------------------------------------------------------------------
|    66    |     0.914092      |     0.074897     |     0.056425     |     0.009871     |    0.013114    |       14.07       |
|    67    |     0.907519      |     0.074827     |     0.056417     |     0.009525     |    0.012736    |       14.73       |
|    68    |     0.907222      |     0.074702     |     0.056352     |     0.009837     |    0.013083    |       13.81       |
|    69    |     0.903266      |     0.074695     |     0.056331     |     0.009645     |    0.012859    |       14.82       |
|    70    |     0.890292      |     0.074762     |     0.056323     |     0.009595     |    0.012786    |       15.29       |
------------------------------------------------------------------------------------------------------------------------------
|    71    |     0.901397      |     0.074634     |     0.056212     |     0.009543     |    0.012754    |       15.60       |
|    72    |     0.897441      |     0.074684     |     0.056288     |     0.009584     |    0.012778    |       14.24       |
|    73    |     0.894658      |     0.074686     |     0.056261     |     0.009930     |    0.013147    |       14.12       |
|    74    |     0.905433      |     0.074691     |     0.056295     |     0.009848     |    0.013072    |       15.20       |
|    75    |     0.901351      |     0.074729     |     0.056286     |     0.009735     |    0.012941    |       13.68       |
------------------------------------------------------------------------------------------------------------------------------
|    76    |     0.890734      |     0.074642     |     0.056225     |     0.009656     |    0.012936    |       14.18       |
|    77    |     0.905907      |     0.074834     |     0.056422     |     0.009596     |    0.012838    |       13.85       |
|    78    |     0.887358      |     0.074517     |     0.056161     |     0.009958     |    0.013199    |       13.79       |
|    79    |     0.898644      |     0.074539     |     0.056179     |     0.009635     |    0.012856    |       14.16       |
|    80    |     0.893567      |     0.074578     |     0.056162     |     0.009594     |    0.012813    |       15.67       |
------------------------------------------------------------------------------------------------------------------------------
|    81    |     0.900619      |     0.074639     |     0.056274     |     0.009562     |    0.012760    |       14.14       |
|    82    |     0.895224      |     0.074589     |     0.056189     |     0.009744     |    0.012945    |       15.24       |
|    83    |     0.888324      |     0.074626     |     0.056229     |     0.009579     |    0.012829    |       15.78       |
|    84    |     0.899737      |     0.074640     |     0.056255     |     0.009680     |    0.012881    |       14.19       |
|    85    |     0.902763      |     0.074614     |     0.056247     |     0.009731     |    0.012934    |       13.62       |
------------------------------------------------------------------------------------------------------------------------------
|    86    |     0.896318      |     0.074586     |     0.056225     |     0.009566     |    0.012802    |       13.75       |
|    87    |     0.884613      |     0.074614     |     0.056218     |     0.009537     |    0.012742    |       13.79       |
|    88    |     0.897493      |     0.074714     |     0.056308     |     0.009804     |    0.013042    |       15.31       |
|    89    |     0.906071      |     0.074806     |     0.056397     |     0.009724     |    0.012945    |       14.84       |
|    90    |     0.892260      |     0.074543     |     0.056185     |     0.009641     |    0.012826    |       15.84       |
------------------------------------------------------------------------------------------------------------------------------
|    91    |     0.896394      |     0.074683     |     0.056271     |     0.009492     |    0.012702    |       15.45       |
|    92    |     0.891032      |     0.074550     |     0.056212     |     0.009626     |    0.012841    |       15.58       |
|    93    |     0.891854      |     0.074734     |     0.056315     |     0.009581     |    0.012782    |       15.69       |
|    94    |     0.887987      |     0.074608     |     0.056180     |     0.009561     |    0.012768    |       16.04       |
|    95    |     0.900711      |     0.074579     |     0.056192     |     0.009380     |    0.012587    |       14.68       |
------------------------------------------------------------------------------------------------------------------------------
|    96    |     0.896743      |     0.074637     |     0.056210     |     0.009714     |    0.012913    |       15.25       |
|    97    |     0.895810      |     0.074675     |     0.056264     |     0.009659     |    0.012847    |       14.27       |
|    98    |     0.901553      |     0.074633     |     0.056249     |     0.010025     |    0.013280    |       13.92       |
|    99    |     0.897466      |     0.074557     |     0.056211     |     0.009892     |    0.013145    |       14.47       |
|   100    |     0.908080      |     0.074715     |     0.056290     |     0.009664     |    0.012891    |       14.79       |
------------------------------------------------------------------------------------------------------------------------------
