Training Results - Started at: 2025-04-04 22:40:41
Training Completed - Ended at: 2025-04-05 12:59:28
-------------------------------------------------------------------------------------------------------------------------------
|  Epoch   |    Semantic Loss     |     Detail Loss      |      Matte Loss      |         MSE          |         MAD          |
-------------------------------------------------------------------------------------------------------------------------------
|    1     |       42.459333      |       0.700391       |       0.609862       |       0.117436       |       0.134072       |
|    2     |       27.145043      |       0.597046       |       0.393979       |       0.172914       |       0.188204       |
|    3     |       21.483589      |       0.560296       |       0.312135       |       0.277697       |       0.296480       |
|    4     |       18.564638      |       0.541744       |       0.275615       |       0.042940       |       0.049637       |
|    5     |       16.437359      |       0.528046       |       0.248389       |       0.036256       |       0.043802       |
-------------------------------------------------------------------------------------------------------------------------------
|    6     |       15.044531      |       0.520369       |       0.229776       |       0.035555       |       0.041654       |
|    7     |       13.851949      |       0.513770       |       0.216065       |       0.060196       |       0.068659       |
|    8     |       13.019322      |       0.509734       |       0.205937       |       0.100739       |       0.110158       |
|    9     |       12.124627      |       0.501764       |       0.189216       |       0.043586       |       0.051360       |
|    10    |       11.620004      |       0.499208       |       0.186614       |       0.029596       |       0.034613       |
-------------------------------------------------------------------------------------------------------------------------------
|    11    |       10.756245      |       0.493500       |       0.174490       |       0.033856       |       0.039631       |
|    12    |       10.003970      |       0.489599       |       0.164513       |       0.043008       |       0.050137       |
|    13    |       9.631693       |       0.487426       |       0.160698       |       0.077764       |       0.086629       |
|    14    |       8.778497       |       0.484285       |       0.153361       |       0.034253       |       0.040177       |
|    15    |       8.469132       |       0.482468       |       0.148633       |       0.031425       |       0.036772       |
-------------------------------------------------------------------------------------------------------------------------------
|    16    |       7.977434       |       0.480380       |       0.146753       |       0.030652       |       0.036128       |
|    17    |       7.222178       |       0.478544       |       0.138261       |       0.034424       |       0.039809       |
|    18    |       7.023270       |       0.476363       |       0.135820       |       0.026572       |       0.031636       |
|    19    |       6.776028       |       0.474972       |       0.131938       |       0.032993       |       0.039044       |
|    20    |       6.590772       |       0.474836       |       0.130748       |       0.030806       |       0.035951       |
-------------------------------------------------------------------------------------------------------------------------------
|    21    |       6.422185       |       0.473458       |       0.129806       |       0.293871       |       0.305196       |
|    22    |       6.291658       |       0.472989       |       0.130205       |       0.029071       |       0.034962       |
|    23    |       6.054215       |       0.470423       |       0.123399       |       0.043090       |       0.049285       |
|    24    |       5.762138       |       0.470098       |       0.122177       |       0.027193       |       0.032222       |
|    25    |       5.981663       |       0.469803       |       0.121760       |       0.082184       |       0.089554       |
-------------------------------------------------------------------------------------------------------------------------------
|    26    |       5.983479       |       0.472293       |       0.129975       |       0.020484       |       0.025156       |
|    27    |       4.393312       |       0.464986       |       0.108892       |       0.020234       |       0.024896       |
|    28    |       4.065485       |       0.463649       |       0.105901       |       0.017265       |       0.021696       |
|    29    |       3.812622       |       0.461510       |       0.103170       |       0.015894       |       0.020260       |
|    30    |       3.678114       |       0.461813       |       0.101703       |       0.015655       |       0.019982       |
-------------------------------------------------------------------------------------------------------------------------------
|    31    |       3.547029       |       0.461711       |       0.100797       |       0.015224       |       0.019579       |
|    32    |       3.436684       |       0.460124       |       0.099429       |       0.014878       |       0.019278       |
|    33    |       3.357437       |       0.460571       |       0.098679       |       0.014841       |       0.019154       |
|    34    |       3.303558       |       0.459415       |       0.097984       |       0.015788       |       0.020245       |
|    35    |       3.228386       |       0.459482       |       0.097293       |       0.013991       |       0.018248       |
-------------------------------------------------------------------------------------------------------------------------------
|    36    |       3.169557       |       0.459640       |       0.096740       |       0.014650       |       0.018999       |
|    37    |       3.100927       |       0.459361       |       0.096137       |       0.014218       |       0.018445       |
|    38    |       3.072728       |       0.458930       |       0.095664       |       0.014998       |       0.019390       |
|    39    |       3.058085       |       0.457989       |       0.095249       |       0.015033       |       0.019353       |
|    40    |       2.996415       |       0.458335       |       0.094552       |       0.014185       |       0.018561       |
-------------------------------------------------------------------------------------------------------------------------------
|    41    |       2.941779       |       0.458182       |       0.094144       |       0.013835       |       0.018049       |
|    42    |       2.904786       |       0.457879       |       0.093662       |       0.015012       |       0.019329       |
|    43    |       2.888357       |       0.457895       |       0.093340       |       0.015089       |       0.019432       |
|    44    |       2.841871       |       0.458233       |       0.093089       |       0.015020       |       0.019371       |
|    45    |       2.816966       |       0.457960       |       0.092583       |       0.014400       |       0.018811       |
-------------------------------------------------------------------------------------------------------------------------------
|    46    |       2.756429       |       0.457069       |       0.091973       |       0.016067       |       0.020451       |
|    47    |       2.727321       |       0.456615       |       0.091878       |       0.014269       |       0.018523       |
|    48    |       2.710754       |       0.456601       |       0.091247       |       0.014175       |       0.018456       |
|    49    |       2.659180       |       0.456106       |       0.091069       |       0.014579       |       0.018843       |
|    50    |       2.624006       |       0.456807       |       0.090503       |       0.014511       |       0.018815       |
-------------------------------------------------------------------------------------------------------------------------------
|    51    |       2.609925       |       0.456021       |       0.090043       |       0.015303       |       0.019658       |
|    52    |       2.588414       |       0.455921       |       0.089951       |       0.014011       |       0.018298       |
|    53    |       2.575282       |       0.456251       |       0.089923       |       0.013811       |       0.018012       |
|    54    |       2.584589       |       0.456237       |       0.089778       |       0.014574       |       0.018891       |
|    55    |       2.569256       |       0.455744       |       0.089728       |       0.014536       |       0.018828       |
-------------------------------------------------------------------------------------------------------------------------------
|    56    |       2.577887       |       0.455772       |       0.089726       |       0.014955       |       0.019277       |
|    57    |       2.564957       |       0.456497       |       0.089723       |       0.015511       |       0.019812       |
|    58    |       2.584060       |       0.456103       |       0.089743       |       0.014352       |       0.018612       |
|    59    |       2.565232       |       0.456482       |       0.089769       |       0.013936       |       0.018206       |
|    60    |       2.569001       |       0.456491       |       0.089687       |       0.014872       |       0.019163       |
-------------------------------------------------------------------------------------------------------------------------------
|    61    |       2.528033       |       0.456073       |       0.089423       |       0.014518       |       0.018819       |
|    62    |       2.560909       |       0.455772       |       0.089504       |       0.014335       |       0.018580       |
|    63    |       2.548593       |       0.456393       |       0.089529       |       0.015136       |       0.019517       |
|    64    |       2.541390       |       0.455899       |       0.089257       |       0.014301       |       0.018569       |
|    65    |       2.566415       |       0.455995       |       0.089341       |       0.014969       |       0.019303       |
-------------------------------------------------------------------------------------------------------------------------------
|    66    |       2.516213       |       0.456305       |       0.089363       |       0.014703       |       0.019051       |
|    67    |       2.542958       |       0.456348       |       0.089331       |       0.014575       |       0.018865       |
|    68    |       2.540365       |       0.456345       |       0.089331       |       0.015354       |       0.019614       |
|    69    |       2.523439       |       0.456218       |       0.089001       |       0.014947       |       0.019243       |
|    70    |       2.535864       |       0.456088       |       0.089302       |       0.014839       |       0.019184       |
-------------------------------------------------------------------------------------------------------------------------------
|    71    |       2.536406       |       0.455977       |       0.089263       |       0.014589       |       0.018917       |
|    72    |       2.511078       |       0.456476       |       0.089315       |       0.014339       |       0.018559       |
|    73    |       2.501399       |       0.455982       |       0.089189       |       0.014790       |       0.019076       |
|    74    |       2.516674       |       0.456066       |       0.088972       |       0.014645       |       0.019004       |
|    75    |       2.498265       |       0.456064       |       0.089089       |       0.015083       |       0.019466       |
-------------------------------------------------------------------------------------------------------------------------------
|    76    |       2.523430       |       0.455375       |       0.089026       |       0.014871       |       0.019198       |
|    77    |       2.520450       |       0.455329       |       0.088903       |       0.015080       |       0.019369       |
|    78    |       2.492580       |       0.455723       |       0.088875       |       0.015237       |       0.019545       |
|    79    |       2.499367       |       0.455703       |       0.088797       |       0.014786       |       0.019085       |
|    80    |       2.490977       |       0.456021       |       0.088950       |       0.016143       |       0.020477       |
-------------------------------------------------------------------------------------------------------------------------------
|    81    |       2.515169       |       0.455958       |       0.088940       |       0.015430       |       0.019856       |
|    82    |       2.499659       |       0.455755       |       0.088993       |       0.014623       |       0.018826       |
|    83    |       2.504281       |       0.456029       |       0.088979       |       0.015139       |       0.019464       |
|    84    |       2.512168       |       0.455806       |       0.088984       |       0.015125       |       0.019425       |
|    85    |       2.491225       |       0.455815       |       0.088934       |       0.015121       |       0.019477       |
-------------------------------------------------------------------------------------------------------------------------------
|    86    |       2.530019       |       0.456106       |       0.089005       |       0.014417       |       0.018715       |
|    87    |       2.497994       |       0.455849       |       0.088870       |       0.014356       |       0.018644       |
|    88    |       2.501998       |       0.455534       |       0.088940       |       0.014931       |       0.019299       |
|    89    |       2.498816       |       0.455991       |       0.088836       |       0.014921       |       0.019216       |
|    90    |       2.505183       |       0.455660       |       0.088972       |       0.014253       |       0.018586       |
-------------------------------------------------------------------------------------------------------------------------------
|    91    |       2.492828       |       0.455750       |       0.088815       |       0.014747       |       0.019063       |
|    92    |       2.473537       |       0.455224       |       0.088830       |       0.013844       |       0.018017       |
|    93    |       2.507218       |       0.455739       |       0.088850       |       0.014573       |       0.018850       |
|    94    |       2.490433       |       0.455676       |       0.088860       |       0.015308       |       0.019560       |
|    95    |       2.477941       |       0.455728       |       0.089033       |       0.014799       |       0.019127       |
-------------------------------------------------------------------------------------------------------------------------------
|    96    |       2.506797       |       0.455795       |       0.088906       |       0.014976       |       0.019271       |
|    97    |       2.492491       |       0.456341       |       0.088881       |       0.015159       |       0.019372       |
|    98    |       2.498264       |       0.455724       |       0.088620       |       0.014733       |       0.019035       |
|    99    |       2.506756       |       0.455463       |       0.088917       |       0.014668       |       0.018891       |
|    100   |       2.494876       |       0.455675       |       0.088980       |       0.014603       |       0.018852       |
-------------------------------------------------------------------------------------------------------------------------------
