Training Results - Started at: 2025-02-07 01:36:37
Training Completed - Ended at: 2025-02-07 14:56:50
-------------------------------------------------------------------------------------------------------------------------------
|  Epoch   |    Semantic Loss     |     Detail Loss      |      Matte Loss      |         MSE          |         MAD          |
-------------------------------------------------------------------------------------------------------------------------------
|    1     |       50.269728      |       0.570288       |       0.651030       |       0.152716       |       0.165275       |
|    2     |       29.501560      |       0.379518       |       0.406092       |       0.135710       |       0.152116       |
|    3     |       22.526551      |       0.301156       |       0.312287       |       0.079034       |       0.090927       |
|    4     |       19.743633      |       0.266486       |       0.274344       |       0.056488       |       0.066662       |
|    5     |       17.332511      |       0.243208       |       0.245892       |       0.056160       |       0.066813       |
-------------------------------------------------------------------------------------------------------------------------------
|    6     |       16.054896      |       0.231904       |       0.234322       |       0.052112       |       0.060198       |
|    7     |       14.042839      |       0.216705       |       0.212933       |       0.036271       |       0.042663       |
|    8     |       14.714642      |       0.212742       |       0.210485       |       0.075620       |       0.085393       |
|    9     |       13.757277      |       0.207495       |       0.204958       |       0.045150       |       0.051877       |
|    10    |       11.902495      |       0.196149       |       0.188606       |       0.083558       |       0.098435       |
-------------------------------------------------------------------------------------------------------------------------------
|    11    |       11.220649      |       0.190030       |       0.181452       |       0.175471       |       0.189267       |
|    12    |       10.804943      |       0.183832       |       0.173394       |       0.179055       |       0.189867       |
|    13    |       10.192042      |       0.180187       |       0.169112       |       0.039368       |       0.046367       |
|    14    |       9.611051       |       0.175892       |       0.164439       |       0.088963       |       0.098221       |
|    15    |       10.153369      |       0.178241       |       0.171006       |       0.027922       |       0.033375       |
-------------------------------------------------------------------------------------------------------------------------------
|    16    |       8.956938       |       0.167624       |       0.154116       |       0.059425       |       0.065558       |
|    17    |       8.915838       |       0.164599       |       0.151744       |       0.029034       |       0.034469       |
|    18    |       8.112884       |       0.159491       |       0.144860       |       0.028612       |       0.034190       |
|    19    |       8.151497       |       0.156534       |       0.141471       |       0.140584       |       0.155906       |
|    20    |       7.864470       |       0.155648       |       0.140987       |       0.028417       |       0.034138       |
-------------------------------------------------------------------------------------------------------------------------------
|    21    |       7.489531       |       0.150919       |       0.135414       |       0.042602       |       0.048767       |
|    22    |       7.399643       |       0.151187       |       0.136271       |       0.041613       |       0.048786       |
|    23    |       7.541607       |       0.151036       |       0.136905       |       0.029886       |       0.035677       |
|    24    |       7.030549       |       0.147746       |       0.132352       |       0.042399       |       0.048214       |
|    25    |       6.868727       |       0.145520       |       0.129725       |       0.025885       |       0.031793       |
-------------------------------------------------------------------------------------------------------------------------------
|    26    |       5.630705       |       0.137575       |       0.119371       |       0.025819       |       0.030846       |
|    27    |       5.112547       |       0.132414       |       0.112351       |       0.024332       |       0.029258       |
|    28    |       4.901192       |       0.131068       |       0.110574       |       0.024416       |       0.029550       |
|    29    |       4.716405       |       0.129616       |       0.108753       |       0.022954       |       0.027864       |
|    30    |       4.582719       |       0.128830       |       0.107594       |       0.025673       |       0.030725       |
-------------------------------------------------------------------------------------------------------------------------------
|    31    |       4.498897       |       0.128228       |       0.106986       |       0.023625       |       0.028677       |
|    32    |       4.426733       |       0.127534       |       0.106069       |       0.023602       |       0.028561       |
|    33    |       4.312580       |       0.126855       |       0.105132       |       0.023166       |       0.028038       |
|    34    |       4.308400       |       0.126392       |       0.104683       |       0.023029       |       0.028021       |
|    35    |       4.179533       |       0.125731       |       0.103761       |       0.023857       |       0.028750       |
-------------------------------------------------------------------------------------------------------------------------------
|    36    |       4.107657       |       0.125345       |       0.103187       |       0.023771       |       0.028741       |
|    37    |       4.044314       |       0.124788       |       0.102635       |       0.022993       |       0.027897       |
|    38    |       3.999699       |       0.124367       |       0.102063       |       0.022766       |       0.027626       |
|    39    |       3.979333       |       0.124082       |       0.101709       |       0.022879       |       0.027676       |
|    40    |       3.943903       |       0.123612       |       0.101234       |       0.022132       |       0.027094       |
-------------------------------------------------------------------------------------------------------------------------------
|    41    |       3.865103       |       0.123320       |       0.100788       |       0.023419       |       0.028152       |
|    42    |       3.826170       |       0.122690       |       0.100180       |       0.023939       |       0.028835       |
|    43    |       3.796156       |       0.122583       |       0.099922       |       0.023969       |       0.028916       |
|    44    |       3.722185       |       0.122216       |       0.099517       |       0.022552       |       0.027284       |
|    45    |       3.664287       |       0.121570       |       0.098798       |       0.023364       |       0.028238       |
-------------------------------------------------------------------------------------------------------------------------------
|    46    |       3.649785       |       0.121449       |       0.098567       |       0.024046       |       0.028934       |
|    47    |       3.641529       |       0.121240       |       0.098344       |       0.022514       |       0.027066       |
|    48    |       3.611477       |       0.121077       |       0.098077       |       0.021291       |       0.026085       |
|    49    |       3.545031       |       0.120475       |       0.097459       |       0.022756       |       0.027676       |
|    50    |       3.553954       |       0.120091       |       0.097075       |       0.021856       |       0.026690       |
-------------------------------------------------------------------------------------------------------------------------------
|    51    |       3.472219       |       0.119625       |       0.096551       |       0.022216       |       0.027067       |
|    52    |       3.459028       |       0.119426       |       0.096390       |       0.022778       |       0.027756       |
|    53    |       3.430469       |       0.119100       |       0.095936       |       0.022564       |       0.027465       |
|    54    |       3.430132       |       0.119345       |       0.096166       |       0.022332       |       0.027160       |
|    55    |       3.465097       |       0.119415       |       0.096268       |       0.022597       |       0.027425       |
-------------------------------------------------------------------------------------------------------------------------------
|    56    |       3.407819       |       0.119069       |       0.095957       |       0.022971       |       0.027911       |
|    57    |       3.429921       |       0.119518       |       0.096263       |       0.022006       |       0.026902       |
|    58    |       3.442291       |       0.119138       |       0.095887       |       0.021885       |       0.026772       |
|    59    |       3.432104       |       0.119294       |       0.096090       |       0.022667       |       0.027529       |
|    60    |       3.394070       |       0.119170       |       0.095891       |       0.022727       |       0.027605       |
-------------------------------------------------------------------------------------------------------------------------------
|    61    |       3.397695       |       0.118853       |       0.095660       |       0.021860       |       0.026645       |
|    62    |       3.404214       |       0.119185       |       0.095838       |       0.022789       |       0.027706       |
|    63    |       3.359091       |       0.118687       |       0.095341       |       0.021713       |       0.026634       |
|    64    |       3.399958       |       0.118968       |       0.095688       |       0.021966       |       0.026809       |
|    65    |       3.391989       |       0.118822       |       0.095517       |       0.021994       |       0.026815       |
-------------------------------------------------------------------------------------------------------------------------------
|    66    |       3.368099       |       0.118899       |       0.095653       |       0.022524       |       0.027310       |
|    67    |       3.408548       |       0.118846       |       0.095489       |       0.021735       |       0.026535       |
|    68    |       3.354854       |       0.118708       |       0.095436       |       0.023795       |       0.028778       |
|    69    |       3.378551       |       0.118558       |       0.095266       |       0.022669       |       0.027578       |
|    70    |       3.373237       |       0.118583       |       0.095194       |       0.021909       |       0.026780       |
-------------------------------------------------------------------------------------------------------------------------------
|    71    |       3.349800       |       0.118584       |       0.095294       |       0.022461       |       0.027341       |
|    72    |       3.387673       |       0.118730       |       0.095360       |       0.022601       |       0.027493       |
|    73    |       3.346720       |       0.118632       |       0.095313       |       0.022143       |       0.026979       |
|    74    |       3.357956       |       0.118589       |       0.095218       |       0.022448       |       0.027332       |
|    75    |       3.370459       |       0.118404       |       0.095055       |       0.022716       |       0.027664       |
-------------------------------------------------------------------------------------------------------------------------------
|    76    |       3.365916       |       0.118535       |       0.095246       |       0.022249       |       0.027118       |
|    77    |       3.336520       |       0.118509       |       0.095158       |       0.021867       |       0.026647       |
|    78    |       3.336901       |       0.118383       |       0.095097       |       0.022122       |       0.026941       |
|    79    |       3.348551       |       0.118336       |       0.094939       |       0.022404       |       0.027282       |
|    80    |       3.342347       |       0.118424       |       0.095134       |       0.021288       |       0.026051       |
-------------------------------------------------------------------------------------------------------------------------------
|    81    |       3.331387       |       0.118388       |       0.095061       |       0.022682       |       0.027567       |
|    82    |       3.317804       |       0.118295       |       0.094971       |       0.022231       |       0.027038       |
|    83    |       3.324777       |       0.118011       |       0.094747       |       0.022111       |       0.026912       |
|    84    |       3.338453       |       0.118412       |       0.095115       |       0.022202       |       0.027070       |
|    85    |       3.324744       |       0.118327       |       0.095000       |       0.020752       |       0.025449       |
-------------------------------------------------------------------------------------------------------------------------------
|    86    |       3.308866       |       0.118341       |       0.094971       |       0.022585       |       0.027469       |
|    87    |       3.324113       |       0.118529       |       0.095192       |       0.022718       |       0.027591       |
|    88    |       3.335307       |       0.118382       |       0.095050       |       0.023008       |       0.027937       |
|    89    |       3.330293       |       0.118402       |       0.095050       |       0.022871       |       0.027706       |
|    90    |       3.351644       |       0.118464       |       0.095135       |       0.021756       |       0.026578       |
-------------------------------------------------------------------------------------------------------------------------------
|    91    |       3.318240       |       0.118293       |       0.094901       |       0.022383       |       0.027264       |
|    92    |       3.313753       |       0.118185       |       0.094910       |       0.021848       |       0.026647       |
|    93    |       3.332409       |       0.118316       |       0.094969       |       0.022205       |       0.027053       |
|    94    |       3.335139       |       0.118193       |       0.094915       |       0.021369       |       0.026123       |
|    95    |       3.334319       |       0.118427       |       0.094909       |       0.022037       |       0.026773       |
-------------------------------------------------------------------------------------------------------------------------------
|    96    |       3.356319       |       0.118297       |       0.095018       |       0.022290       |       0.027142       |
|    97    |       3.328210       |       0.118247       |       0.094870       |       0.022385       |       0.027195       |
|    98    |       3.345518       |       0.118377       |       0.095031       |       0.022572       |       0.027296       |
|    99    |       3.345858       |       0.118261       |       0.094989       |       0.022776       |       0.027663       |
|    100   |       3.322292       |       0.118420       |       0.095039       |       0.022666       |       0.027540       |
-------------------------------------------------------------------------------------------------------------------------------
