Training Results - Started at: 2025-06-27 00:42:22
Training Completed - Ended at: 2025-06-27 14:37:18
------------------------------------------------------------------------------------------------------------------------------
|  Epoch   |    Semantic Loss  |    Detail Loss   |    Matte Loss    |       MSE        |       MAD      |  Inference Time   |
------------------------------------------------------------------------------------------------------------------------------
|    1     |     37.084345     |     0.701469     |     0.592763     |     0.209571     |    0.221537    |       17.07       |
|    2     |     23.309389     |     0.594577     |     0.382404     |     0.077335     |    0.088276    |       16.29       |
|    3     |     17.867848     |     0.555394     |     0.298442     |     0.110459     |    0.123566    |       16.04       |
|    4     |     15.662687     |     0.534797     |     0.257841     |     0.048782     |    0.057218    |       15.06       |
|    5     |     13.825970     |     0.523692     |     0.235596     |     0.144645     |    0.155772    |       15.73       |
------------------------------------------------------------------------------------------------------------------------------
|    6     |     12.709199     |     0.515864     |     0.216990     |     0.080600     |    0.089472    |       16.17       |
|    7     |     11.601955     |     0.509770     |     0.207223     |     0.078877     |    0.091799    |       14.43       |
|    8     |     10.792866     |     0.505083     |     0.195209     |     0.058424     |    0.065337    |       16.02       |
|    9     |     10.172776     |     0.502032     |     0.191315     |     0.038134     |    0.044694    |       16.06       |
|    10    |     9.225718      |     0.495917     |     0.175796     |     0.024625     |    0.029168    |       15.94       |
------------------------------------------------------------------------------------------------------------------------------
|    11    |     8.890426      |     0.492068     |     0.166792     |     0.054745     |    0.062410    |       15.73       |
|    12    |     8.503689      |     0.490688     |     0.163905     |     0.047767     |    0.055483    |       14.66       |
|    13    |     8.330814      |     0.487338     |     0.156813     |     0.050416     |    0.057009    |       15.75       |
|    14    |     7.970754      |     0.486709     |     0.157002     |     0.026940     |    0.032146    |       14.99       |
|    15    |     7.647218      |     0.483403     |     0.148695     |     0.034101     |    0.039643    |       14.32       |
------------------------------------------------------------------------------------------------------------------------------
|    16    |     6.683587      |     0.481332     |     0.142703     |     0.037076     |    0.043408    |       15.81       |
|    17    |     6.276593      |     0.477883     |     0.135277     |     0.053744     |    0.060380    |       16.63       |
|    18    |     6.557656      |     0.477155     |     0.134089     |     0.030677     |    0.035241    |       15.09       |
|    19    |     6.645227      |     0.476929     |     0.134920     |     0.062791     |    0.070181    |       14.75       |
|    20    |     5.923170      |     0.474892     |     0.130058     |     0.022492     |    0.027057    |       16.44       |
------------------------------------------------------------------------------------------------------------------------------
|    21    |     4.922965      |     0.469609     |     0.118278     |     0.020406     |    0.024496    |       16.41       |
|    22    |     4.364571      |     0.466114     |     0.111114     |     0.020968     |    0.025097    |       16.34       |
|    23    |     4.240250      |     0.465372     |     0.108837     |     0.020283     |    0.024474    |       15.15       |
|    24    |     4.114018      |     0.464281     |     0.107554     |     0.019860     |    0.023930    |       15.58       |
|    25    |     4.035573      |     0.464777     |     0.106606     |     0.021554     |    0.025744    |       15.12       |
------------------------------------------------------------------------------------------------------------------------------
|    26    |     3.972049      |     0.464445     |     0.105486     |     0.021080     |    0.025352    |       15.58       |
|    27    |     3.839016      |     0.463516     |     0.104617     |     0.020401     |    0.024567    |       15.98       |
|    28    |     3.835439      |     0.463706     |     0.104139     |     0.020346     |    0.024498    |       14.46       |
|    29    |     3.736889      |     0.463718     |     0.103277     |     0.021034     |    0.025213    |       16.19       |
|    30    |     3.657859      |     0.463599     |     0.102237     |     0.021341     |    0.025432    |       15.73       |
------------------------------------------------------------------------------------------------------------------------------
|    31    |     3.669911      |     0.462950     |     0.101989     |     0.020145     |    0.024247    |       15.19       |
|    32    |     3.614492      |     0.462741     |     0.101517     |     0.021917     |    0.026073    |       14.72       |
|    33    |     3.597890      |     0.461100     |     0.100838     |     0.020533     |    0.024665    |       14.23       |
|    34    |     3.575497      |     0.461781     |     0.100308     |     0.020815     |    0.024857    |       14.49       |
|    35    |     3.498142      |     0.461597     |     0.099762     |     0.020800     |    0.024809    |       15.65       |
------------------------------------------------------------------------------------------------------------------------------
|    36    |     3.477497      |     0.461820     |     0.099192     |     0.021624     |    0.025539    |       16.43       |
|    37    |     3.454944      |     0.461610     |     0.098962     |     0.023320     |    0.027424    |       16.61       |
|    38    |     3.399536      |     0.460611     |     0.098303     |     0.021668     |    0.025860    |       15.85       |
|    39    |     3.351746      |     0.461025     |     0.097868     |     0.021034     |    0.025184    |       14.49       |
|    40    |     3.354258      |     0.460575     |     0.097451     |     0.020772     |    0.024828    |       14.70       |
------------------------------------------------------------------------------------------------------------------------------
|    41    |     3.299058      |     0.460967     |     0.096997     |     0.021558     |    0.025616    |       14.45       |
|    42    |     3.297761      |     0.460199     |     0.096670     |     0.022097     |    0.026166    |       15.72       |
|    43    |     3.285794      |     0.460796     |     0.096776     |     0.021643     |    0.025647    |       14.70       |
|    44    |     3.283472      |     0.460552     |     0.096731     |     0.021604     |    0.025656    |       14.89       |
|    45    |     3.271380      |     0.460367     |     0.096327     |     0.021341     |    0.025443    |       14.66       |
------------------------------------------------------------------------------------------------------------------------------
|    46    |     3.252974      |     0.460191     |     0.096337     |     0.022265     |    0.026370    |       15.77       |
|    47    |     3.238344      |     0.459977     |     0.096407     |     0.021847     |    0.025901    |       16.30       |
|    48    |     3.273909      |     0.460395     |     0.096414     |     0.020346     |    0.024326    |       15.50       |
|    49    |     3.250588      |     0.459961     |     0.096229     |     0.020895     |    0.025039    |       15.04       |
|    50    |     3.246756      |     0.460124     |     0.096097     |     0.021901     |    0.026000    |       14.35       |
------------------------------------------------------------------------------------------------------------------------------
|    51    |     3.260945      |     0.459833     |     0.096071     |     0.021303     |    0.025283    |       15.19       |
|    52    |     3.226383      |     0.459580     |     0.095878     |     0.021276     |    0.025270    |       14.48       |
|    53    |     3.249918      |     0.459874     |     0.095865     |     0.021623     |    0.025733    |       14.55       |
|    54    |     3.205550      |     0.460097     |     0.095977     |     0.021151     |    0.025227    |       15.19       |
|    55    |     3.269389      |     0.460381     |     0.096141     |     0.020930     |    0.024977    |       15.61       |
------------------------------------------------------------------------------------------------------------------------------
|    56    |     3.186770      |     0.460180     |     0.095610     |     0.021065     |    0.025114    |       15.07       |
|    57    |     3.243661      |     0.459714     |     0.095896     |     0.020520     |    0.024620    |       14.35       |
|    58    |     3.225250      |     0.459538     |     0.095710     |     0.021256     |    0.025305    |       14.30       |
|    59    |     3.217482      |     0.459329     |     0.095689     |     0.020558     |    0.024626    |       14.57       |
|    60    |     3.214845      |     0.459557     |     0.095645     |     0.021795     |    0.025886    |       14.50       |
------------------------------------------------------------------------------------------------------------------------------
|    61    |     3.224560      |     0.459463     |     0.095600     |     0.020800     |    0.024844    |       14.44       |
|    62    |     3.194217      |     0.459428     |     0.095582     |     0.020404     |    0.024432    |       14.17       |
|    63    |     3.203512      |     0.459325     |     0.095589     |     0.020527     |    0.024593    |       15.91       |
|    64    |     3.229822      |     0.459771     |     0.095557     |     0.020978     |    0.025099    |       15.03       |
|    65    |     3.209161      |     0.459769     |     0.095651     |     0.020770     |    0.024828    |       14.46       |
------------------------------------------------------------------------------------------------------------------------------
|    66    |     3.209519      |     0.459925     |     0.095517     |     0.021417     |    0.025612    |       15.49       |
|    67    |     3.211416      |     0.459745     |     0.095615     |     0.021173     |    0.025251    |       14.42       |
|    68    |     3.194840      |     0.459543     |     0.095450     |     0.021073     |    0.025149    |       15.38       |
|    69    |     3.227241      |     0.459478     |     0.095480     |     0.022634     |    0.026797    |       14.83       |
|    70    |     3.234075      |     0.460398     |     0.095510     |     0.021008     |    0.025062    |       15.42       |
------------------------------------------------------------------------------------------------------------------------------
|    71    |     3.219923      |     0.459481     |     0.095689     |     0.020940     |    0.025032    |       16.11       |
|    72    |     3.190945      |     0.459426     |     0.095480     |     0.021921     |    0.026128    |       14.99       |
|    73    |     3.216362      |     0.460194     |     0.095584     |     0.021051     |    0.025113    |       14.33       |
|    74    |     3.205700      |     0.460936     |     0.095648     |     0.021137     |    0.025192    |       14.87       |
|    75    |     3.185519      |     0.459307     |     0.095457     |     0.021503     |    0.025540    |       14.40       |
------------------------------------------------------------------------------------------------------------------------------
|    76    |     3.216545      |     0.459918     |     0.095433     |     0.021591     |    0.025662    |       15.72       |
|    77    |     3.209651      |     0.459885     |     0.095616     |     0.020459     |    0.024518    |       15.12       |
|    78    |     3.214659      |     0.460180     |     0.095472     |     0.021916     |    0.026078    |       14.48       |
|    79    |     3.192930      |     0.460169     |     0.095546     |     0.020937     |    0.024976    |       14.41       |
|    80    |     3.213037      |     0.460040     |     0.095753     |     0.022407     |    0.026550    |       15.55       |
------------------------------------------------------------------------------------------------------------------------------
