Training Results - Started at: 2025-04-27 15:40:30
Training Completed - Ended at: 2025-04-28 06:46:12
------------------------------------------------------------------------------------------------------------------------------
|  Epoch   |    Semantic Loss  |    Detail Loss   |    Matte Loss    |       MSE        |       MAD      |  Inference Time   |
------------------------------------------------------------------------------------------------------------------------------
|    1     |     39.070827     |     0.708019     |     0.626331     |     0.166830     |    0.198438    |       18.01       |
|    2     |     22.990824     |     0.586519     |     0.370303     |     0.163975     |    0.191031    |       14.78       |
|    3     |     18.031019     |     0.554600     |     0.300382     |     0.281582     |    0.298124    |       15.23       |
|    4     |     15.955269     |     0.541823     |     0.275481     |     0.164278     |    0.188850    |       15.46       |
|    5     |     14.342432     |     0.532015     |     0.250670     |     0.103669     |    0.118982    |       15.52       |
------------------------------------------------------------------------------------------------------------------------------
|    6     |     12.326821     |     0.523686     |     0.229102     |     0.216942     |    0.235024    |       14.96       |
|    7     |     11.606852     |     0.517890     |     0.216574     |     0.050074     |    0.062595    |       15.17       |
|    8     |     10.757011     |     0.512251     |     0.205695     |     0.095944     |    0.108621    |       14.93       |
|    9     |     10.269199     |     0.509833     |     0.199596     |     0.232491     |    0.246432    |       15.13       |
|    10    |     9.806882      |     0.506745     |     0.193151     |     0.036719     |    0.047790    |       14.43       |
------------------------------------------------------------------------------------------------------------------------------
|    11    |     8.651747      |     0.498405     |     0.176471     |     0.355695     |    0.372104    |       14.54       |
|    12    |     8.240440      |     0.496696     |     0.172377     |     0.075160     |    0.088099    |       15.08       |
|    13    |     8.512464      |     0.496105     |     0.172459     |     0.184623     |    0.199565    |       15.11       |
|    14    |     7.503253      |     0.492203     |     0.162843     |     0.056115     |    0.066209    |       14.37       |
|    15    |     6.688918      |     0.487457     |     0.151245     |     0.032129     |    0.041531    |       14.93       |
------------------------------------------------------------------------------------------------------------------------------
|    16    |     6.715439      |     0.486092     |     0.148603     |     0.057361     |    0.067991    |       14.80       |
|    17    |     6.184428      |     0.484403     |     0.145963     |     0.123689     |    0.135730    |       14.86       |
|    18    |     5.897351      |     0.481683     |     0.139551     |     0.052729     |    0.065034    |       14.89       |
|    19    |     5.842750      |     0.479895     |     0.137636     |     0.200488     |    0.217266    |       15.08       |
|    20    |     5.668677      |     0.478678     |     0.137107     |     0.239482     |    0.252267    |       15.19       |
------------------------------------------------------------------------------------------------------------------------------
|    21    |     5.470372      |     0.476680     |     0.131053     |     0.127202     |    0.138759    |       14.89       |
|    22    |     5.255611      |     0.475074     |     0.127850     |     0.142201     |    0.153096    |       15.09       |
|    23    |     4.990662      |     0.474516     |     0.125713     |     0.223162     |    0.238093    |       14.56       |
|    24    |     4.646878      |     0.471754     |     0.121766     |     0.119119     |    0.132759    |       14.79       |
|    25    |     4.575902      |     0.471150     |     0.118928     |     0.108778     |    0.118903    |       14.92       |
------------------------------------------------------------------------------------------------------------------------------
|    26    |     4.012488      |     0.469241     |     0.115468     |     0.029866     |    0.038463    |       15.20       |
|    27    |     3.427513      |     0.465412     |     0.106913     |     0.020564     |    0.028181    |       14.57       |
|    28    |     3.232836      |     0.464411     |     0.104796     |     0.025649     |    0.034072    |       14.75       |
|    29    |     3.105407      |     0.463516     |     0.103345     |     0.023501     |    0.031506    |       15.17       |
|    30    |     3.052844      |     0.463694     |     0.102456     |     0.021221     |    0.028584    |       15.21       |
------------------------------------------------------------------------------------------------------------------------------
|    31    |     2.963946      |     0.463323     |     0.101647     |     0.020874     |    0.028411    |       14.60       |
|    32    |     2.928141      |     0.462818     |     0.100734     |     0.018795     |    0.026049    |       15.45       |
|    33    |     2.849569      |     0.462903     |     0.100002     |     0.019848     |    0.027159    |       14.31       |
|    34    |     2.824085      |     0.462709     |     0.099539     |     0.021147     |    0.028402    |       15.34       |
|    35    |     2.757576      |     0.462069     |     0.098913     |     0.022178     |    0.029791    |       15.19       |
------------------------------------------------------------------------------------------------------------------------------
|    36    |     2.746830      |     0.461516     |     0.098453     |     0.019031     |    0.026237    |       14.85       |
|    37    |     2.706702      |     0.461821     |     0.097975     |     0.020942     |    0.028027    |       14.93       |
|    38    |     2.666233      |     0.461737     |     0.097655     |     0.024068     |    0.031698    |       14.73       |
|    39    |     2.644554      |     0.461939     |     0.097293     |     0.019255     |    0.025960    |       14.90       |
|    40    |     2.621715      |     0.461161     |     0.096791     |     0.020370     |    0.027411    |       14.34       |
------------------------------------------------------------------------------------------------------------------------------
|    41    |     2.590595      |     0.460820     |     0.096514     |     0.017631     |    0.024270    |       14.43       |
|    42    |     2.553823      |     0.461272     |     0.095839     |     0.019561     |    0.026281    |       15.08       |
|    43    |     2.535017      |     0.460260     |     0.095507     |     0.018223     |    0.025041    |       15.28       |
|    44    |     2.523987      |     0.459654     |     0.095218     |     0.019385     |    0.026286    |       14.63       |
|    45    |     2.478970      |     0.459272     |     0.094767     |     0.018739     |    0.025584    |       14.51       |
------------------------------------------------------------------------------------------------------------------------------
|    46    |     2.452743      |     0.459089     |     0.094409     |     0.019111     |    0.025666    |       14.98       |
|    47    |     2.449805      |     0.459492     |     0.094279     |     0.017476     |    0.024144    |       14.31       |
|    48    |     2.409459      |     0.459515     |     0.093798     |     0.019203     |    0.026233    |       15.05       |
|    49    |     2.361247      |     0.459472     |     0.093383     |     0.018041     |    0.024807    |       14.32       |
|    50    |     2.378359      |     0.459571     |     0.093344     |     0.019375     |    0.026313    |       15.20       |
------------------------------------------------------------------------------------------------------------------------------
|    51    |     2.346458      |     0.459171     |     0.092646     |     0.018923     |    0.025602    |       14.57       |
|    52    |     2.342827      |     0.459239     |     0.092577     |     0.019374     |    0.026234    |       14.00       |
|    53    |     2.317778      |     0.458560     |     0.092473     |     0.018568     |    0.025314    |       15.35       |
|    54    |     2.320637      |     0.459363     |     0.092596     |     0.017667     |    0.024325    |       14.59       |
|    55    |     2.326428      |     0.458316     |     0.092449     |     0.019124     |    0.025912    |       14.21       |
------------------------------------------------------------------------------------------------------------------------------
|    56    |     2.312680      |     0.459297     |     0.092412     |     0.018654     |    0.025438    |       14.13       |
|    57    |     2.296929      |     0.458240     |     0.092230     |     0.018299     |    0.025005    |       14.63       |
|    58    |     2.299769      |     0.459005     |     0.092300     |     0.018496     |    0.025160    |       13.97       |
|    59    |     2.311271      |     0.459123     |     0.092192     |     0.018727     |    0.025372    |       13.94       |
|    60    |     2.299852      |     0.458814     |     0.092254     |     0.020604     |    0.027399    |       13.93       |
------------------------------------------------------------------------------------------------------------------------------
|    61    |     2.311433      |     0.458708     |     0.092118     |     0.019251     |    0.025942    |       13.93       |
|    62    |     2.291468      |     0.458956     |     0.092263     |     0.018645     |    0.025275    |       14.28       |
|    63    |     2.262986      |     0.458760     |     0.091929     |     0.018429     |    0.025228    |       13.89       |
|    64    |     2.288135      |     0.458812     |     0.092064     |     0.018231     |    0.024836    |       15.02       |
|    65    |     2.273463      |     0.458363     |     0.091939     |     0.018660     |    0.025231    |       14.17       |
------------------------------------------------------------------------------------------------------------------------------
|    66    |     2.282067      |     0.458672     |     0.091844     |     0.019779     |    0.026529    |       14.67       |
|    67    |     2.277737      |     0.459209     |     0.091959     |     0.017825     |    0.024485    |       15.47       |
|    68    |     2.263499      |     0.458920     |     0.091881     |     0.019584     |    0.026395    |       15.30       |
|    69    |     2.281697      |     0.459117     |     0.091995     |     0.018861     |    0.025851    |       15.14       |
|    70    |     2.265027      |     0.458264     |     0.091808     |     0.019460     |    0.026162    |       14.74       |
------------------------------------------------------------------------------------------------------------------------------
|    71    |     2.278342      |     0.457913     |     0.091686     |     0.018168     |    0.024757    |       14.76       |
|    72    |     2.275397      |     0.458311     |     0.091686     |     0.019718     |    0.026466    |       15.08       |
|    73    |     2.278655      |     0.459001     |     0.091817     |     0.017909     |    0.024495    |       14.18       |
|    74    |     2.254632      |     0.458346     |     0.091622     |     0.018259     |    0.024853    |       14.57       |
|    75    |     2.270973      |     0.458340     |     0.091595     |     0.019102     |    0.025776    |       14.52       |
------------------------------------------------------------------------------------------------------------------------------
|    76    |     2.268612      |     0.458496     |     0.091669     |     0.018762     |    0.025474    |       15.15       |
|    77    |     2.267963      |     0.458365     |     0.091529     |     0.018452     |    0.025141    |       14.58       |
|    78    |     2.242691      |     0.458827     |     0.091536     |     0.018601     |    0.025343    |       14.35       |
|    79    |     2.253689      |     0.458620     |     0.091377     |     0.018908     |    0.025610    |       15.21       |
|    80    |     2.264179      |     0.459107     |     0.091560     |     0.017825     |    0.024442    |       14.01       |
------------------------------------------------------------------------------------------------------------------------------
|    81    |     2.255546      |     0.458478     |     0.091651     |     0.018639     |    0.025373    |       14.90       |
|    82    |     2.273346      |     0.458533     |     0.091619     |     0.019123     |    0.025785    |       15.35       |
|    83    |     2.248066      |     0.458110     |     0.091506     |     0.019430     |    0.026079    |       14.34       |
|    84    |     2.280626      |     0.459054     |     0.091691     |     0.018333     |    0.024989    |       14.24       |
|    85    |     2.252219      |     0.458381     |     0.091437     |     0.017673     |    0.024332    |       14.39       |
------------------------------------------------------------------------------------------------------------------------------
|    86    |     2.238022      |     0.458287     |     0.091443     |     0.018808     |    0.025560    |       15.18       |
|    87    |     2.267736      |     0.459047     |     0.091628     |     0.019282     |    0.026070    |       14.17       |
|    88    |     2.247468      |     0.458424     |     0.091294     |     0.019579     |    0.026471    |       14.09       |
|    89    |     2.257543      |     0.459292     |     0.091608     |     0.017982     |    0.024574    |       15.43       |
|    90    |     2.254439      |     0.457999     |     0.091389     |     0.018321     |    0.024956    |       14.04       |
------------------------------------------------------------------------------------------------------------------------------
|    91    |     2.259242      |     0.458800     |     0.091438     |     0.018965     |    0.025731    |       14.42       |
|    92    |     2.248161      |     0.458140     |     0.091379     |     0.019843     |    0.026584    |       14.43       |
|    93    |     2.256411      |     0.459314     |     0.091485     |     0.019285     |    0.026110    |       14.09       |
|    94    |     2.249250      |     0.457848     |     0.091439     |     0.017780     |    0.024355    |       14.31       |
|    95    |     2.271316      |     0.458399     |     0.091668     |     0.018213     |    0.024724    |       14.48       |
------------------------------------------------------------------------------------------------------------------------------
|    96    |     2.264401      |     0.458662     |     0.091570     |     0.019409     |    0.026230    |       14.06       |
|    97    |     2.240470      |     0.458156     |     0.091396     |     0.019438     |    0.026190    |       13.91       |
|    98    |     2.247922      |     0.458681     |     0.091550     |     0.018740     |    0.025389    |       13.97       |
|    99    |     2.262352      |     0.458547     |     0.091561     |     0.018524     |    0.025322    |       14.12       |
|   100    |     2.278675      |     0.458270     |     0.091660     |     0.018950     |    0.025686    |       14.39       |
------------------------------------------------------------------------------------------------------------------------------
