Training Results - Started at: 2025-04-09 15:07:02
Training Completed - Ended at: 2025-04-10 05:33:10
-------------------------------------------------------------------------------------------------------------------------------
|  Epoch   |    Semantic Loss     |     Detail Loss      |      Matte Loss      |         MSE          |         MAD          |
-------------------------------------------------------------------------------------------------------------------------------
|    1     |       42.153945      |       0.709653       |       0.619473       |       0.181055       |       0.207380       |
|    2     |       25.824249      |       0.600094       |       0.397349       |       0.188338       |       0.209548       |
|    3     |       20.703730      |       0.568829       |       0.327423       |       0.205008       |       0.222676       |
|    4     |       17.747876      |       0.545839       |       0.279968       |       0.069865       |       0.079612       |
|    5     |       15.695727      |       0.530462       |       0.250821       |       0.068349       |       0.077162       |
-------------------------------------------------------------------------------------------------------------------------------
|    6     |       14.580194      |       0.520493       |       0.230021       |       0.039905       |       0.046438       |
|    7     |       13.550755      |       0.515049       |       0.219700       |       0.198410       |       0.214025       |
|    8     |       12.856577      |       0.511051       |       0.210963       |       0.053741       |       0.062224       |
|    9     |       11.815107      |       0.504224       |       0.194057       |       0.079313       |       0.090825       |
|    10    |       10.569929      |       0.498297       |       0.181167       |       0.037417       |       0.043296       |
-------------------------------------------------------------------------------------------------------------------------------
|    11    |       9.933427       |       0.494376       |       0.173632       |       0.032869       |       0.039261       |
|    12    |       9.379593       |       0.491446       |       0.168190       |       0.037426       |       0.044262       |
|    13    |       9.224652       |       0.488218       |       0.161571       |       0.087932       |       0.097887       |
|    14    |       8.706537       |       0.486676       |       0.157933       |       0.040194       |       0.046752       |
|    15    |       7.896345       |       0.483721       |       0.150376       |       0.030803       |       0.037008       |
-------------------------------------------------------------------------------------------------------------------------------
|    16    |       7.548101       |       0.481307       |       0.146602       |       0.029934       |       0.036454       |
|    17    |       7.476231       |       0.481129       |       0.144482       |       0.111161       |       0.119985       |
|    18    |       6.824646       |       0.477022       |       0.136823       |       0.367960       |       0.384199       |
|    19    |       7.273372       |       0.478518       |       0.140505       |       0.039237       |       0.045079       |
|    20    |       6.813314       |       0.476107       |       0.133385       |       0.025149       |       0.030305       |
-------------------------------------------------------------------------------------------------------------------------------
|    21    |       6.288896       |       0.474376       |       0.130156       |       0.050520       |       0.057276       |
|    22    |       6.024035       |       0.472507       |       0.127473       |       0.063459       |       0.069748       |
|    23    |       6.131049       |       0.472530       |       0.128071       |       0.024721       |       0.029752       |
|    24    |       5.317660       |       0.469625       |       0.120428       |       0.022601       |       0.027313       |
|    25    |       5.010338       |       0.467652       |       0.116102       |       0.226984       |       0.239189       |
-------------------------------------------------------------------------------------------------------------------------------
|    26    |       4.155221       |       0.464719       |       0.109680       |       0.020351       |       0.024860       |
|    27    |       3.610975       |       0.462664       |       0.103024       |       0.022201       |       0.026728       |
|    28    |       3.491064       |       0.461889       |       0.101439       |       0.022444       |       0.026935       |
|    29    |       3.387438       |       0.460365       |       0.100289       |       0.022968       |       0.027418       |
|    30    |       3.308941       |       0.460969       |       0.099574       |       0.021344       |       0.025801       |
-------------------------------------------------------------------------------------------------------------------------------
|    31    |       3.198580       |       0.460760       |       0.098463       |       0.023640       |       0.028258       |
|    32    |       3.154498       |       0.459403       |       0.097771       |       0.023271       |       0.027802       |
|    33    |       3.100604       |       0.459876       |       0.097211       |       0.022288       |       0.026750       |
|    34    |       3.035539       |       0.458827       |       0.096682       |       0.023112       |       0.027730       |
|    35    |       2.986181       |       0.459014       |       0.096096       |       0.022833       |       0.027169       |
-------------------------------------------------------------------------------------------------------------------------------
|    36    |       2.930769       |       0.459218       |       0.095725       |       0.023235       |       0.027768       |
|    37    |       2.904006       |       0.458922       |       0.095151       |       0.022979       |       0.027359       |
|    38    |       2.845457       |       0.458469       |       0.094618       |       0.024697       |       0.029164       |
|    39    |       2.845832       |       0.457511       |       0.094196       |       0.025813       |       0.030438       |
|    40    |       2.809778       |       0.458137       |       0.094072       |       0.024285       |       0.028925       |
-------------------------------------------------------------------------------------------------------------------------------
|    41    |       2.733493       |       0.457833       |       0.093353       |       0.025006       |       0.029745       |
|    42    |       2.720725       |       0.457448       |       0.092768       |       0.022948       |       0.027582       |
|    43    |       2.680418       |       0.457625       |       0.092588       |       0.023464       |       0.028036       |
|    44    |       2.656720       |       0.457853       |       0.092285       |       0.024041       |       0.028672       |
|    45    |       2.639305       |       0.457650       |       0.092003       |       0.024093       |       0.028677       |
-------------------------------------------------------------------------------------------------------------------------------
|    46    |       2.588476       |       0.457006       |       0.091869       |       0.023156       |       0.027625       |
|    47    |       2.561238       |       0.456308       |       0.091278       |       0.023686       |       0.028266       |
|    48    |       2.559449       |       0.456552       |       0.091164       |       0.022523       |       0.027003       |
|    49    |       2.503741       |       0.455815       |       0.090600       |       0.022455       |       0.027043       |
|    50    |       2.472580       |       0.456746       |       0.090355       |       0.024995       |       0.029623       |
-------------------------------------------------------------------------------------------------------------------------------
|    51    |       2.480728       |       0.455986       |       0.090013       |       0.024711       |       0.029295       |
|    52    |       2.443504       |       0.455678       |       0.089543       |       0.024312       |       0.029033       |
|    53    |       2.418172       |       0.456101       |       0.089605       |       0.024355       |       0.028989       |
|    54    |       2.433730       |       0.456114       |       0.089542       |       0.025375       |       0.030138       |
|    55    |       2.408182       |       0.455524       |       0.089289       |       0.024271       |       0.028975       |
-------------------------------------------------------------------------------------------------------------------------------
|    56    |       2.428088       |       0.455637       |       0.089446       |       0.023689       |       0.028311       |
|    57    |       2.440253       |       0.456482       |       0.089581       |       0.023596       |       0.028199       |
|    58    |       2.410875       |       0.455951       |       0.089353       |       0.023840       |       0.028465       |
|    59    |       2.430719       |       0.456338       |       0.089485       |       0.023603       |       0.028220       |
|    60    |       2.427315       |       0.456281       |       0.089241       |       0.023822       |       0.028394       |
-------------------------------------------------------------------------------------------------------------------------------
|    61    |       2.395723       |       0.455920       |       0.089157       |       0.024949       |       0.029737       |
|    62    |       2.407536       |       0.455563       |       0.089095       |       0.023579       |       0.028213       |
|    63    |       2.407962       |       0.456235       |       0.089282       |       0.024375       |       0.029036       |
|    64    |       2.410405       |       0.455814       |       0.089014       |       0.023806       |       0.028381       |
|    65    |       2.417382       |       0.455771       |       0.089036       |       0.023902       |       0.028565       |
-------------------------------------------------------------------------------------------------------------------------------
|    66    |       2.388181       |       0.456141       |       0.089052       |       0.024970       |       0.029642       |
|    67    |       2.404923       |       0.456174       |       0.089028       |       0.024348       |       0.029001       |
|    68    |       2.403610       |       0.456189       |       0.088984       |       0.023703       |       0.028287       |
|    69    |       2.393765       |       0.456126       |       0.088962       |       0.023702       |       0.028311       |
|    70    |       2.388577       |       0.455854       |       0.088941       |       0.024284       |       0.028906       |
-------------------------------------------------------------------------------------------------------------------------------
|    71    |       2.399836       |       0.455799       |       0.088943       |       0.023323       |       0.027984       |
|    72    |       2.372223       |       0.456154       |       0.088847       |       0.022909       |       0.027503       |
|    73    |       2.380986       |       0.455766       |       0.088888       |       0.023825       |       0.028487       |
|    74    |       2.389052       |       0.455921       |       0.088821       |       0.023917       |       0.028582       |
|    75    |       2.366075       |       0.455898       |       0.088857       |       0.024312       |       0.028948       |
-------------------------------------------------------------------------------------------------------------------------------
|    76    |       2.363061       |       0.455201       |       0.088712       |       0.024430       |       0.029161       |
|    77    |       2.381744       |       0.455206       |       0.088640       |       0.024123       |       0.028798       |
|    78    |       2.364107       |       0.455537       |       0.088638       |       0.024644       |       0.029289       |
|    79    |       2.375657       |       0.455581       |       0.088662       |       0.023572       |       0.028256       |
|    80    |       2.358227       |       0.455862       |       0.088694       |       0.024292       |       0.029020       |
-------------------------------------------------------------------------------------------------------------------------------
|    81    |       2.376661       |       0.455806       |       0.088814       |       0.024043       |       0.028714       |
|    82    |       2.373824       |       0.455533       |       0.088653       |       0.023688       |       0.028312       |
|    83    |       2.369796       |       0.455847       |       0.088660       |       0.023054       |       0.027728       |
|    84    |       2.375369       |       0.455623       |       0.088707       |       0.023626       |       0.028235       |
|    85    |       2.371717       |       0.455688       |       0.088708       |       0.024801       |       0.029495       |
-------------------------------------------------------------------------------------------------------------------------------
|    86    |       2.399361       |       0.455999       |       0.088857       |       0.024389       |       0.029184       |
|    87    |       2.358139       |       0.455696       |       0.088568       |       0.023805       |       0.028395       |
|    88    |       2.367985       |       0.455415       |       0.088714       |       0.024255       |       0.028937       |
|    89    |       2.365094       |       0.455866       |       0.088681       |       0.023949       |       0.028541       |
|    90    |       2.372341       |       0.455477       |       0.088604       |       0.024139       |       0.028970       |
-------------------------------------------------------------------------------------------------------------------------------
|    91    |       2.361580       |       0.455524       |       0.088481       |       0.023172       |       0.027739       |
|    92    |       2.350995       |       0.455133       |       0.088638       |       0.024067       |       0.028795       |
|    93    |       2.371287       |       0.455552       |       0.088465       |       0.023922       |       0.028533       |
|    94    |       2.358561       |       0.455456       |       0.088580       |       0.024535       |       0.029286       |
|    95    |       2.364784       |       0.455491       |       0.088634       |       0.024177       |       0.028884       |
-------------------------------------------------------------------------------------------------------------------------------
|    96    |       2.348275       |       0.455590       |       0.088495       |       0.023657       |       0.028250       |
|    97    |       2.369701       |       0.456278       |       0.088790       |       0.023351       |       0.027906       |
|    98    |       2.358926       |       0.455558       |       0.088401       |       0.023664       |       0.028262       |
|    99    |       2.369625       |       0.455225       |       0.088541       |       0.023144       |       0.027643       |
|    100   |       2.352238       |       0.455408       |       0.088626       |       0.024005       |       0.028673       |
-------------------------------------------------------------------------------------------------------------------------------
