Training Results - Started at: 2025-07-08 15:00:10
Training Completed - Ended at: 2025-07-09 15:25:19
------------------------------------------------------------------------------------------------------------------------------
|  Epoch   |    Semantic Loss  |    Detail Loss   |    Matte Loss    |       MSE        |       MAD      |  Inference Time   |
------------------------------------------------------------------------------------------------------------------------------
|    1     |     37.001098     |     0.699658     |     0.593758     |     0.169757     |    0.192534    |       23.42       |
|    2     |     23.496377     |     0.591566     |     0.376829     |     0.142569     |    0.157001    |       15.02       |
|    3     |     19.172855     |     0.567313     |     0.320847     |     0.214895     |    0.233009    |       14.26       |
|    4     |     16.977729     |     0.553043     |     0.291895     |     0.050142     |    0.057080    |       14.49       |
|    5     |     15.026431     |     0.542709     |     0.268180     |     0.038913     |    0.046754    |       14.66       |
------------------------------------------------------------------------------------------------------------------------------
|    6     |     13.739927     |     0.534494     |     0.249381     |     0.361758     |    0.377309    |       15.24       |
|    7     |     12.835596     |     0.528291     |     0.244054     |     0.278449     |    0.291281    |       14.42       |
|    8     |     12.098213     |     0.519381     |     0.224072     |     0.067815     |    0.075391    |       13.96       |
|    9     |     11.106641     |     0.511257     |     0.205333     |     0.085504     |    0.094000    |       13.96       |
|    10    |     10.600509     |     0.506200     |     0.195460     |     0.099980     |    0.110009    |       13.95       |
------------------------------------------------------------------------------------------------------------------------------
|    11    |     9.884313      |     0.502632     |     0.188027     |     0.066272     |    0.072322    |       13.84       |
|    12    |     9.413369      |     0.498171     |     0.177577     |     0.078722     |    0.085200    |       14.26       |
|    13    |     9.043848      |     0.495732     |     0.172329     |     0.047799     |    0.053516    |       14.05       |
|    14    |     8.177732      |     0.491475     |     0.163660     |     0.086216     |    0.093937    |       14.36       |
|    15    |     7.918043      |     0.491076     |     0.164111     |     0.038520     |    0.043341    |       14.88       |
------------------------------------------------------------------------------------------------------------------------------
|    16    |     7.401460      |     0.486323     |     0.152330     |     0.085203     |    0.091422    |       14.06       |
|    17    |     6.942810      |     0.484771     |     0.148207     |     0.083832     |    0.091628    |       15.01       |
|    18    |     6.503941      |     0.482591     |     0.142810     |     0.038029     |    0.042730    |       15.74       |
|    19    |     6.301814      |     0.480259     |     0.138546     |     0.037558     |    0.042676    |       14.97       |
|    20    |     6.390980      |     0.480185     |     0.139451     |     0.056057     |    0.061553    |       14.35       |
------------------------------------------------------------------------------------------------------------------------------
|    21    |     6.383178      |     0.479328     |     0.138816     |     0.062444     |    0.067363    |       14.08       |
|    22    |     5.545223      |     0.475676     |     0.131711     |     0.035782     |    0.040611    |       13.96       |
|    23    |     5.372821      |     0.473756     |     0.127135     |     0.053845     |    0.059306    |       13.78       |
|    24    |     5.096544      |     0.470737     |     0.121097     |     0.046272     |    0.052100    |       14.39       |
|    25    |     5.001672      |     0.470695     |     0.119926     |     0.033519     |    0.038248    |       14.12       |
------------------------------------------------------------------------------------------------------------------------------
|    26    |     4.620456      |     0.470107     |     0.118821     |     0.023833     |    0.027862    |       14.41       |
|    27    |     3.958961      |     0.465481     |     0.108272     |     0.022436     |    0.026518    |       14.82       |
|    28    |     3.810451      |     0.464833     |     0.105819     |     0.024063     |    0.028195    |       15.76       |
|    29    |     3.637790      |     0.464348     |     0.103905     |     0.022613     |    0.026707    |       14.39       |
|    30    |     3.565911      |     0.464221     |     0.102792     |     0.022042     |    0.026236    |       15.00       |
------------------------------------------------------------------------------------------------------------------------------
|    31    |     3.481193      |     0.463137     |     0.101631     |     0.022986     |    0.027161    |       15.13       |
|    32    |     3.432842      |     0.462740     |     0.100837     |     0.022275     |    0.026438    |       14.19       |
|    33    |     3.401593      |     0.461155     |     0.100108     |     0.023858     |    0.028172    |       15.53       |
|    34    |     3.354157      |     0.461779     |     0.099509     |     0.021923     |    0.026062    |       13.89       |
|    35    |     3.285036      |     0.461482     |     0.098780     |     0.021334     |    0.025452    |       14.29       |
------------------------------------------------------------------------------------------------------------------------------
|    36    |     3.257668      |     0.461767     |     0.098349     |     0.021324     |    0.025439    |       14.87       |
|    37    |     3.224109      |     0.461424     |     0.097889     |     0.023144     |    0.027406    |       13.93       |
|    38    |     3.182307      |     0.460580     |     0.097368     |     0.020671     |    0.024834    |       14.64       |
|    39    |     3.143041      |     0.460811     |     0.096827     |     0.021481     |    0.025554    |       15.18       |
|    40    |     3.110702      |     0.460285     |     0.096074     |     0.021207     |    0.025440    |       14.24       |
------------------------------------------------------------------------------------------------------------------------------
|    41    |     3.091114      |     0.460590     |     0.095843     |     0.020737     |    0.024887    |       14.70       |
|    42    |     3.094656      |     0.459934     |     0.095520     |     0.019944     |    0.024179    |       15.45       |
|    43    |     3.039775      |     0.460114     |     0.094790     |     0.019505     |    0.023723    |       14.55       |
|    44    |     3.040880      |     0.459816     |     0.094718     |     0.020248     |    0.024440    |       15.26       |
|    45    |     2.998241      |     0.459652     |     0.094233     |     0.018878     |    0.023003    |       14.53       |
------------------------------------------------------------------------------------------------------------------------------
|    46    |     2.953277      |     0.459144     |     0.093749     |     0.020169     |    0.024404    |       14.85       |
|    47    |     2.930551      |     0.458862     |     0.093609     |     0.019939     |    0.024153    |       15.11       |
|    48    |     2.939411      |     0.459158     |     0.093274     |     0.019552     |    0.023716    |       14.90       |
|    49    |     2.901195      |     0.458420     |     0.092709     |     0.018838     |    0.022965    |       14.84       |
|    50    |     2.891551      |     0.458556     |     0.092451     |     0.018791     |    0.022921    |       15.13       |
------------------------------------------------------------------------------------------------------------------------------
|    51    |     2.863652      |     0.458054     |     0.092009     |     0.018584     |    0.022724    |       15.48       |
|    52    |     2.839590      |     0.457885     |     0.091904     |     0.017965     |    0.022055    |       14.39       |
|    53    |     2.848358      |     0.458021     |     0.091653     |     0.018954     |    0.023115    |       14.98       |
|    54    |     2.838159      |     0.458246     |     0.091825     |     0.018153     |    0.022281    |       14.89       |
|    55    |     2.864307      |     0.458466     |     0.091829     |     0.018502     |    0.022645    |       15.17       |
------------------------------------------------------------------------------------------------------------------------------
|    56    |     2.814954      |     0.458475     |     0.091605     |     0.018303     |    0.022403    |       14.90       |
|    57    |     2.846823      |     0.457859     |     0.091637     |     0.018420     |    0.022572    |       15.18       |
|    58    |     2.835008      |     0.457558     |     0.091423     |     0.018714     |    0.022837    |       14.47       |
|    59    |     2.813813      |     0.457453     |     0.091448     |     0.018307     |    0.022393    |       14.42       |
|    60    |     2.824444      |     0.457761     |     0.091523     |     0.018353     |    0.022451    |       14.41       |
------------------------------------------------------------------------------------------------------------------------------
|    61    |     2.849290      |     0.457638     |     0.091462     |     0.018377     |    0.022487    |       15.15       |
|    62    |     2.803528      |     0.457476     |     0.091263     |     0.018548     |    0.022638    |       15.22       |
|    63    |     2.797402      |     0.457536     |     0.091425     |     0.018073     |    0.022194    |       14.24       |
|    64    |     2.811436      |     0.457914     |     0.091366     |     0.017795     |    0.021847    |       14.25       |
|    65    |     2.827915      |     0.457855     |     0.091401     |     0.017947     |    0.021998    |       14.52       |
------------------------------------------------------------------------------------------------------------------------------
|    66    |     2.812779      |     0.457976     |     0.091249     |     0.018329     |    0.022487    |       14.78       |
|    67    |     2.816270      |     0.457803     |     0.091302     |     0.018416     |    0.022545    |       14.95       |
|    68    |     2.791626      |     0.457583     |     0.091035     |     0.018310     |    0.022404    |       14.75       |
|    69    |     2.824734      |     0.457539     |     0.091060     |     0.018989     |    0.023179    |       14.14       |
|    70    |     2.815082      |     0.458291     |     0.090907     |     0.018450     |    0.022649    |       14.09       |
------------------------------------------------------------------------------------------------------------------------------
|    71    |     2.808806      |     0.457384     |     0.090999     |     0.018319     |    0.022463    |       13.91       |
|    72    |     2.774779      |     0.457429     |     0.090943     |     0.018131     |    0.022291    |       14.08       |
|    73    |     2.796152      |     0.458162     |     0.090939     |     0.018208     |    0.022295    |       14.08       |
|    74    |     2.790280      |     0.458843     |     0.091028     |     0.018670     |    0.022841    |       14.35       |
|    75    |     2.786013      |     0.457160     |     0.090777     |     0.018886     |    0.023046    |       16.08       |
------------------------------------------------------------------------------------------------------------------------------
|    76    |     2.791050      |     0.457787     |     0.090741     |     0.018194     |    0.022305    |       14.88       |
|    77    |     2.792506      |     0.457757     |     0.090948     |     0.018094     |    0.022161    |       14.09       |
|    78    |     2.799101      |     0.458124     |     0.090880     |     0.019111     |    0.023297    |       14.01       |
|    79    |     2.773427      |     0.457946     |     0.090702     |     0.018574     |    0.022695    |       14.90       |
|    80    |     2.783381      |     0.457766     |     0.090844     |     0.018204     |    0.022352    |       14.82       |
------------------------------------------------------------------------------------------------------------------------------
|    81    |     2.774116      |     0.458127     |     0.090785     |     0.018453     |    0.022586    |       14.44       |
|    82    |     2.809939      |     0.458212     |     0.091038     |     0.018400     |    0.022521    |       15.16       |
|    83    |     2.780747      |     0.457758     |     0.090906     |     0.017994     |    0.022089    |       14.67       |
|    84    |     2.784725      |     0.457751     |     0.090852     |     0.018301     |    0.022432    |       15.42       |
|    85    |     2.798802      |     0.457567     |     0.090785     |     0.018566     |    0.022720    |       15.39       |
------------------------------------------------------------------------------------------------------------------------------
|    86    |     2.762077      |     0.456873     |     0.090768     |     0.018762     |    0.022912    |       14.53       |
|    87    |     2.764116      |     0.456947     |     0.090689     |     0.018042     |    0.022178    |       14.50       |
|    88    |     2.794922      |     0.457290     |     0.090934     |     0.017788     |    0.021876    |       14.55       |
|    89    |     2.792770      |     0.458362     |     0.090982     |     0.018160     |    0.022291    |       14.46       |
|    90    |     2.796537      |     0.457954     |     0.090911     |     0.017990     |    0.022111    |       14.52       |
------------------------------------------------------------------------------------------------------------------------------
|    91    |     2.787450      |     0.457325     |     0.090733     |     0.018939     |    0.023033    |       15.59       |
|    92    |     2.793276      |     0.457215     |     0.090790     |     0.018198     |    0.022301    |       15.74       |
|    93    |     2.791527      |     0.457313     |     0.090819     |     0.018281     |    0.022452    |       15.02       |
|    94    |     2.777968      |     0.457696     |     0.090801     |     0.018840     |    0.022978    |       15.73       |
|    95    |     2.819426      |     0.458035     |     0.090943     |     0.017766     |    0.021874    |       14.97       |
------------------------------------------------------------------------------------------------------------------------------
|    96    |     2.799717      |     0.458127     |     0.090946     |     0.018068     |    0.022195    |       15.56       |
|    97    |     2.761109      |     0.457510     |     0.090808     |     0.017993     |    0.022044    |       14.15       |
|    98    |     2.784917      |     0.457708     |     0.090751     |     0.017974     |    0.022098    |       14.19       |
|    99    |     2.780961      |     0.457609     |     0.090782     |     0.017815     |    0.021918    |       14.67       |
|   100    |     2.791107      |     0.457335     |     0.090895     |     0.018530     |    0.022629    |       14.23       |
------------------------------------------------------------------------------------------------------------------------------
