Training Results - Started at: 2025-02-07 17:57:26
Training Completed - Ended at: 2025-02-08 06:57:05
-------------------------------------------------------------------------------------------------------------------------------
|  Epoch   |    Semantic Loss     |     Detail Loss      |      Matte Loss      |         MSE          |         MAD          |
-------------------------------------------------------------------------------------------------------------------------------
|    1     |       39.968279      |       0.538970       |       0.601531       |       0.192983       |       0.214427       |
|    2     |       24.062977      |       0.343828       |       0.359921       |       0.251996       |       0.276004       |
|    3     |       19.970584      |       0.299127       |       0.304566       |       0.470362       |       0.488189       |
|    4     |       16.886418      |       0.267404       |       0.266601       |       0.201182       |       0.214734       |
|    5     |       15.391437      |       0.245345       |       0.242656       |       0.242102       |       0.258913       |
-------------------------------------------------------------------------------------------------------------------------------
|    6     |       14.557399      |       0.232156       |       0.229826       |       0.041054       |       0.047712       |
|    7     |       12.668096      |       0.215182       |       0.209571       |       0.077536       |       0.086171       |
|    8     |       11.494939      |       0.203840       |       0.196046       |       0.102438       |       0.112756       |
|    9     |       11.296792      |       0.197153       |       0.188949       |       0.217628       |       0.231535       |
|    10    |       10.361162      |       0.189518       |       0.179626       |       0.084709       |       0.092105       |
-------------------------------------------------------------------------------------------------------------------------------
|    11    |       9.833699       |       0.182647       |       0.170319       |       0.260695       |       0.275207       |
|    12    |       9.769865       |       0.198726       |       0.189523       |       0.035302       |       0.040854       |
|    13    |       9.313031       |       0.176469       |       0.163459       |       0.575493       |       0.588182       |
|    14    |       8.403837       |       0.171208       |       0.157043       |       0.377988       |       0.400794       |
|    15    |       7.941032       |       0.167739       |       0.153729       |       0.489825       |       0.503253       |
-------------------------------------------------------------------------------------------------------------------------------
|    16    |       7.436749       |       0.163340       |       0.147751       |       0.061843       |       0.070745       |
|    17    |       7.192819       |       0.159130       |       0.142422       |       0.342664       |       0.355708       |
|    18    |       7.246431       |       0.156120       |       0.139030       |       0.077987       |       0.083776       |
|    19    |       6.872734       |       0.156502       |       0.140822       |       0.261718       |       0.273892       |
|    20    |       6.928123       |       0.152387       |       0.134877       |       0.174957       |       0.188936       |
-------------------------------------------------------------------------------------------------------------------------------
|    21    |       6.322008       |       0.153131       |       0.136849       |       0.049978       |       0.054729       |
|    22    |       6.094692       |       0.146007       |       0.127125       |       0.252701       |       0.267620       |
|    23    |       5.445572       |       0.144661       |       0.125105       |       0.095437       |       0.102183       |
|    24    |       5.079310       |       0.139782       |       0.118962       |       0.023937       |       0.028506       |
|    25    |       5.014683       |       0.138788       |       0.118429       |       0.132701       |       0.145948       |
-------------------------------------------------------------------------------------------------------------------------------
|    26    |       4.410506       |       0.133628       |       0.112443       |       0.026102       |       0.030490       |
|    27    |       3.838221       |       0.129001       |       0.106178       |       0.025099       |       0.029421       |
|    28    |       3.749838       |       0.127613       |       0.104583       |       0.024422       |       0.028714       |
|    29    |       3.583923       |       0.126953       |       0.103444       |       0.023178       |       0.027430       |
|    30    |       3.516497       |       0.125988       |       0.102245       |       0.023945       |       0.028174       |
-------------------------------------------------------------------------------------------------------------------------------
|    31    |       3.426409       |       0.125417       |       0.101494       |       0.022253       |       0.026510       |
|    32    |       3.363114       |       0.124783       |       0.100730       |       0.022906       |       0.027252       |
|    33    |       3.330422       |       0.124287       |       0.100301       |       0.022962       |       0.027195       |
|    34    |       3.298105       |       0.123747       |       0.099617       |       0.021324       |       0.025583       |
|    35    |       3.211718       |       0.123347       |       0.099050       |       0.020968       |       0.025080       |
-------------------------------------------------------------------------------------------------------------------------------
|    36    |       3.171602       |       0.122999       |       0.098666       |       0.021903       |       0.025977       |
|    37    |       3.189378       |       0.122622       |       0.098258       |       0.021263       |       0.025267       |
|    38    |       3.133242       |       0.122257       |       0.097882       |       0.021564       |       0.025534       |
|    39    |       3.069706       |       0.121913       |       0.097405       |       0.021917       |       0.026159       |
|    40    |       3.050254       |       0.121470       |       0.096873       |       0.022470       |       0.026690       |
-------------------------------------------------------------------------------------------------------------------------------
|    41    |       3.025274       |       0.121329       |       0.096672       |       0.021331       |       0.025367       |
|    42    |       2.981245       |       0.120855       |       0.096216       |       0.021678       |       0.025790       |
|    43    |       2.957096       |       0.120437       |       0.095719       |       0.021097       |       0.025149       |
|    44    |       2.930693       |       0.120432       |       0.095695       |       0.022670       |       0.027070       |
|    45    |       2.940684       |       0.120028       |       0.095257       |       0.021586       |       0.025761       |
-------------------------------------------------------------------------------------------------------------------------------
|    46    |       2.883572       |       0.119819       |       0.094991       |       0.022227       |       0.026597       |
|    47    |       2.855388       |       0.119512       |       0.094650       |       0.021037       |       0.025142       |
|    48    |       2.807524       |       0.119152       |       0.094111       |       0.021819       |       0.026080       |
|    49    |       2.816311       |       0.118647       |       0.093818       |       0.021307       |       0.025502       |
|    50    |       2.768269       |       0.118543       |       0.093603       |       0.020151       |       0.024257       |
-------------------------------------------------------------------------------------------------------------------------------
|    51    |       2.763052       |       0.118060       |       0.093031       |       0.020502       |       0.024507       |
|    52    |       2.730325       |       0.117888       |       0.092882       |       0.021883       |       0.026274       |
|    53    |       2.708724       |       0.117762       |       0.092657       |       0.022250       |       0.026782       |
|    54    |       2.707623       |       0.117749       |       0.092738       |       0.021041       |       0.025243       |
|    55    |       2.702246       |       0.117704       |       0.092674       |       0.021041       |       0.025053       |
-------------------------------------------------------------------------------------------------------------------------------
|    56    |       2.710018       |       0.117650       |       0.092645       |       0.021859       |       0.026265       |
|    57    |       2.690091       |       0.117463       |       0.092465       |       0.020693       |       0.024697       |
|    58    |       2.706471       |       0.117782       |       0.092677       |       0.020447       |       0.024437       |
|    59    |       2.684324       |       0.117533       |       0.092522       |       0.020912       |       0.024804       |
|    60    |       2.684678       |       0.117581       |       0.092480       |       0.020875       |       0.024835       |
-------------------------------------------------------------------------------------------------------------------------------
|    61    |       2.682461       |       0.117532       |       0.092409       |       0.020980       |       0.024983       |
|    62    |       2.684051       |       0.117517       |       0.092489       |       0.021198       |       0.025308       |
|    63    |       2.692956       |       0.117255       |       0.092266       |       0.020735       |       0.024761       |
|    64    |       2.674188       |       0.117173       |       0.092041       |       0.020792       |       0.024842       |
|    65    |       2.696456       |       0.117521       |       0.092486       |       0.020606       |       0.024491       |
-------------------------------------------------------------------------------------------------------------------------------
|    66    |       2.675920       |       0.117286       |       0.092265       |       0.020788       |       0.024739       |
|    67    |       2.668601       |       0.117151       |       0.092067       |       0.020697       |       0.024697       |
|    68    |       2.658597       |       0.117250       |       0.092042       |       0.021039       |       0.025149       |
|    69    |       2.661608       |       0.117143       |       0.092116       |       0.020973       |       0.024995       |
|    70    |       2.641165       |       0.117129       |       0.091970       |       0.020993       |       0.025107       |
-------------------------------------------------------------------------------------------------------------------------------
|    71    |       2.666692       |       0.117095       |       0.091966       |       0.020960       |       0.024955       |
|    72    |       2.663017       |       0.117264       |       0.092183       |       0.021839       |       0.025953       |
|    73    |       2.662259       |       0.116948       |       0.091923       |       0.021035       |       0.025032       |
|    74    |       2.651664       |       0.116940       |       0.091831       |       0.020898       |       0.024938       |
|    75    |       2.643553       |       0.116946       |       0.091784       |       0.021737       |       0.025971       |
-------------------------------------------------------------------------------------------------------------------------------
|    76    |       2.634092       |       0.116864       |       0.091735       |       0.020887       |       0.024882       |
|    77    |       2.635237       |       0.116940       |       0.091799       |       0.021358       |       0.025499       |
|    78    |       2.623645       |       0.116872       |       0.091729       |       0.020914       |       0.024983       |
|    79    |       2.656957       |       0.117024       |       0.091964       |       0.021541       |       0.025622       |
|    80    |       2.645758       |       0.116934       |       0.091793       |       0.021252       |       0.025394       |
-------------------------------------------------------------------------------------------------------------------------------
|    81    |       2.664500       |       0.117129       |       0.091974       |       0.021371       |       0.025486       |
|    82    |       2.647689       |       0.116872       |       0.091748       |       0.021401       |       0.025578       |
|    83    |       2.628951       |       0.116904       |       0.091787       |       0.021155       |       0.025186       |
|    84    |       2.631164       |       0.116989       |       0.091811       |       0.020923       |       0.024953       |
|    85    |       2.639998       |       0.116980       |       0.091926       |       0.021041       |       0.025035       |
-------------------------------------------------------------------------------------------------------------------------------
|    86    |       2.642925       |       0.116971       |       0.091862       |       0.021420       |       0.025417       |
|    87    |       2.656719       |       0.116974       |       0.091885       |       0.020918       |       0.024918       |
|    88    |       2.660340       |       0.117016       |       0.091829       |       0.021075       |       0.025144       |
|    89    |       2.643485       |       0.116929       |       0.091869       |       0.020899       |       0.024896       |
|    90    |       2.641662       |       0.116990       |       0.091827       |       0.020930       |       0.024878       |
-------------------------------------------------------------------------------------------------------------------------------
|    91    |       2.653394       |       0.116905       |       0.091755       |       0.021120       |       0.025087       |
|    92    |       2.637672       |       0.116721       |       0.091629       |       0.020923       |       0.025093       |
|    93    |       2.647571       |       0.116937       |       0.091784       |       0.021341       |       0.025431       |
|    94    |       2.628293       |       0.116659       |       0.091640       |       0.021031       |       0.024940       |
|    95    |       2.639539       |       0.116943       |       0.091789       |       0.021054       |       0.025068       |
-------------------------------------------------------------------------------------------------------------------------------
|    96    |       2.618853       |       0.116833       |       0.091656       |       0.020854       |       0.024860       |
|    97    |       2.611085       |       0.116522       |       0.091428       |       0.020862       |       0.024800       |
|    98    |       2.641034       |       0.117005       |       0.091845       |       0.021911       |       0.026208       |
|    99    |       2.643837       |       0.116763       |       0.091784       |       0.021082       |       0.025202       |
|    100   |       2.631725       |       0.116845       |       0.091718       |       0.021156       |       0.025236       |
-------------------------------------------------------------------------------------------------------------------------------
