Training Results - Started at: 2025-02-09 22:11:58
Training Completed - Ended at: 2025-02-10 11:47:24
-------------------------------------------------------------------------------------------------------------------------------
|  Epoch   |    Semantic Loss     |     Detail Loss      |      Matte Loss      |         MSE          |         MAD          |
-------------------------------------------------------------------------------------------------------------------------------
|    1     |       3.384193       |       0.117773       |       0.094998       |       0.047879       |       0.053529       |
|    2     |       3.380187       |       0.123189       |       0.101795       |       0.135225       |       0.145250       |
|    3     |       3.341030       |       0.120827       |       0.099245       |       0.026260       |       0.031671       |
|    4     |       3.741772       |       0.121862       |       0.100443       |       0.027002       |       0.031988       |
|    5     |       4.640351       |       0.127002       |       0.106966       |       0.037745       |       0.043556       |
-------------------------------------------------------------------------------------------------------------------------------
|    6     |       3.824109       |       0.125169       |       0.105079       |       0.057843       |       0.065399       |
|    7     |       4.180740       |       0.125830       |       0.106095       |       0.059574       |       0.069216       |
|    8     |       4.095995       |       0.130195       |       0.112618       |       0.035769       |       0.042124       |
|    9     |       3.174055       |       0.120162       |       0.099197       |       0.020655       |       0.024861       |
|    10    |       2.809233       |       0.114486       |       0.092561       |       0.037422       |       0.043523       |
-------------------------------------------------------------------------------------------------------------------------------
|    11    |       2.547421       |       0.112326       |       0.090154       |       0.019810       |       0.024164       |
|    12    |       2.535003       |       0.110399       |       0.088055       |       0.027101       |       0.032795       |
|    13    |       2.498795       |       0.110376       |       0.088269       |       0.020139       |       0.024438       |
|    14    |       2.131959       |       0.106828       |       0.084371       |       0.019941       |       0.023985       |
|    15    |       1.975203       |       0.104626       |       0.081997       |       0.019783       |       0.023982       |
-------------------------------------------------------------------------------------------------------------------------------
|    16    |       1.926726       |       0.103575       |       0.080781       |       0.018331       |       0.022511       |
|    17    |       1.962792       |       0.103956       |       0.081423       |       0.018935       |       0.023295       |
|    18    |       1.895254       |       0.101946       |       0.079412       |       0.019320       |       0.023627       |
|    19    |       1.792948       |       0.101581       |       0.079003       |       0.021465       |       0.025936       |
|    20    |       1.700578       |       0.099888       |       0.077200       |       0.015790       |       0.019851       |
-------------------------------------------------------------------------------------------------------------------------------
|    21    |       1.985254       |       0.100353       |       0.078111       |       0.019446       |       0.023736       |
|    22    |       1.847325       |       0.100874       |       0.078768       |       0.022252       |       0.026299       |
|    23    |       1.607144       |       0.098258       |       0.075774       |       0.017592       |       0.021949       |
|    24    |       1.606257       |       0.096971       |       0.074511       |       0.015501       |       0.019552       |
|    25    |       1.517097       |       0.096367       |       0.073929       |       0.018934       |       0.023135       |
-------------------------------------------------------------------------------------------------------------------------------
|    26    |       1.456530       |       0.095337       |       0.073086       |       0.017431       |       0.021648       |
|    27    |       1.327113       |       0.093166       |       0.070768       |       0.015813       |       0.020024       |
|    28    |       1.312414       |       0.092663       |       0.070324       |       0.015815       |       0.019927       |
|    29    |       1.250718       |       0.092114       |       0.069723       |       0.016779       |       0.021032       |
|    30    |       1.239684       |       0.091719       |       0.069368       |       0.016294       |       0.020336       |
-------------------------------------------------------------------------------------------------------------------------------
|    31    |       1.224558       |       0.091563       |       0.069216       |       0.015094       |       0.019293       |
|    32    |       1.212763       |       0.091236       |       0.068926       |       0.016468       |       0.020639       |
|    33    |       1.207425       |       0.091037       |       0.068719       |       0.016512       |       0.020597       |
|    34    |       1.189581       |       0.090959       |       0.068603       |       0.016106       |       0.020258       |
|    35    |       1.185238       |       0.090879       |       0.068530       |       0.016747       |       0.020815       |
-------------------------------------------------------------------------------------------------------------------------------
|    36    |       1.175120       |       0.090656       |       0.068289       |       0.016764       |       0.020814       |
|    37    |       1.174731       |       0.090574       |       0.068220       |       0.015172       |       0.019079       |
|    38    |       1.166138       |       0.090130       |       0.067846       |       0.015714       |       0.019720       |
|    39    |       1.148072       |       0.090201       |       0.067859       |       0.016244       |       0.020323       |
|    40    |       1.145657       |       0.090184       |       0.067867       |       0.016145       |       0.020186       |
-------------------------------------------------------------------------------------------------------------------------------
|    41    |       1.148800       |       0.089963       |       0.067655       |       0.014934       |       0.019017       |
|    42    |       1.135770       |       0.089951       |       0.067661       |       0.016995       |       0.021235       |
|    43    |       1.130710       |       0.089622       |       0.067324       |       0.015670       |       0.019730       |
|    44    |       1.123994       |       0.089638       |       0.067331       |       0.015663       |       0.019752       |
|    45    |       1.125841       |       0.089669       |       0.067371       |       0.015931       |       0.019945       |
-------------------------------------------------------------------------------------------------------------------------------
|    46    |       1.111045       |       0.089315       |       0.067086       |       0.015730       |       0.019837       |
|    47    |       1.113255       |       0.089364       |       0.067076       |       0.015313       |       0.019360       |
|    48    |       1.108539       |       0.089186       |       0.066943       |       0.016123       |       0.020215       |
|    49    |       1.104025       |       0.088949       |       0.066791       |       0.015789       |       0.019854       |
|    50    |       1.094243       |       0.089024       |       0.066770       |       0.016200       |       0.020237       |
-------------------------------------------------------------------------------------------------------------------------------
|    51    |       1.098924       |       0.088752       |       0.066547       |       0.015393       |       0.019499       |
|    52    |       1.090206       |       0.088656       |       0.066437       |       0.016201       |       0.020289       |
|    53    |       1.089248       |       0.088724       |       0.066510       |       0.016129       |       0.020201       |
|    54    |       1.084757       |       0.088682       |       0.066483       |       0.015621       |       0.019765       |
|    55    |       1.083179       |       0.088761       |       0.066494       |       0.015291       |       0.019361       |
-------------------------------------------------------------------------------------------------------------------------------
|    56    |       1.080830       |       0.088767       |       0.066544       |       0.016307       |       0.020398       |
|    57    |       1.084167       |       0.088586       |       0.066416       |       0.015488       |       0.019529       |
|    58    |       1.081165       |       0.088751       |       0.066544       |       0.014849       |       0.018871       |
|    59    |       1.081407       |       0.088673       |       0.066487       |       0.016110       |       0.020167       |
|    60    |       1.088742       |       0.088809       |       0.066560       |       0.015061       |       0.019065       |
-------------------------------------------------------------------------------------------------------------------------------
|    61    |       1.076301       |       0.088634       |       0.066418       |       0.014001       |       0.018018       |
|    62    |       1.081555       |       0.088720       |       0.066529       |       0.015921       |       0.019925       |
|    63    |       1.087235       |       0.088676       |       0.066484       |       0.014811       |       0.018822       |
|    64    |       1.081212       |       0.088576       |       0.066342       |       0.015783       |       0.019778       |
|    65    |       1.083333       |       0.088619       |       0.066391       |       0.015359       |       0.019427       |
-------------------------------------------------------------------------------------------------------------------------------
|    66    |       1.076437       |       0.088696       |       0.066441       |       0.015711       |       0.019787       |
|    67    |       1.071694       |       0.088616       |       0.066375       |       0.015409       |       0.019493       |
|    68    |       1.070693       |       0.088551       |       0.066357       |       0.015792       |       0.019900       |
|    69    |       1.076637       |       0.088602       |       0.066374       |       0.015207       |       0.019229       |
|    70    |       1.073680       |       0.088446       |       0.066224       |       0.015804       |       0.019740       |
-------------------------------------------------------------------------------------------------------------------------------
|    71    |       1.070277       |       0.088448       |       0.066229       |       0.015521       |       0.019453       |
|    72    |       1.075103       |       0.088591       |       0.066350       |       0.015395       |       0.019501       |
|    73    |       1.081562       |       0.088457       |       0.066255       |       0.015591       |       0.019638       |
|    74    |       1.077015       |       0.088602       |       0.066410       |       0.015603       |       0.019718       |
|    75    |       1.071691       |       0.088505       |       0.066301       |       0.015825       |       0.019895       |
-------------------------------------------------------------------------------------------------------------------------------
|    76    |       1.076746       |       0.088484       |       0.066264       |       0.014756       |       0.018770       |
|    77    |       1.068406       |       0.088335       |       0.066162       |       0.015528       |       0.019531       |
|    78    |       1.065343       |       0.088288       |       0.066142       |       0.015693       |       0.019724       |
|    79    |       1.081571       |       0.088569       |       0.066343       |       0.015444       |       0.019420       |
|    80    |       1.075831       |       0.088525       |       0.066353       |       0.015844       |       0.019945       |
-------------------------------------------------------------------------------------------------------------------------------
|    81    |       1.078340       |       0.088587       |       0.066392       |       0.015290       |       0.019347       |
|    82    |       1.074741       |       0.088456       |       0.066251       |       0.015454       |       0.019494       |
|    83    |       1.079290       |       0.088391       |       0.066191       |       0.015107       |       0.019101       |
|    84    |       1.066607       |       0.088336       |       0.066154       |       0.015083       |       0.019129       |
|    85    |       1.074472       |       0.088480       |       0.066265       |       0.015679       |       0.019712       |
-------------------------------------------------------------------------------------------------------------------------------
|    86    |       1.069918       |       0.088465       |       0.066253       |       0.015922       |       0.019986       |
|    87    |       1.068877       |       0.088386       |       0.066223       |       0.015543       |       0.019622       |
|    88    |       1.072638       |       0.088543       |       0.066308       |       0.015203       |       0.019253       |
|    89    |       1.069536       |       0.088383       |       0.066194       |       0.015098       |       0.019156       |
|    90    |       1.075308       |       0.088475       |       0.066210       |       0.015088       |       0.019169       |
-------------------------------------------------------------------------------------------------------------------------------
|    91    |       1.075436       |       0.088538       |       0.066323       |       0.015695       |       0.019682       |
|    92    |       1.069756       |       0.088463       |       0.066280       |       0.015617       |       0.019713       |
|    93    |       1.085112       |       0.088510       |       0.066300       |       0.015727       |       0.019763       |
|    94    |       1.074905       |       0.088455       |       0.066283       |       0.015258       |       0.019307       |
|    95    |       1.069670       |       0.088329       |       0.066123       |       0.014649       |       0.018688       |
-------------------------------------------------------------------------------------------------------------------------------
|    96    |       1.072775       |       0.088473       |       0.066301       |       0.015602       |       0.019608       |
|    97    |       1.065056       |       0.088442       |       0.066260       |       0.014665       |       0.018673       |
|    98    |       1.072695       |       0.088447       |       0.066237       |       0.015962       |       0.020056       |
|    99    |       1.076282       |       0.088457       |       0.066291       |       0.015307       |       0.019392       |
|    100   |       1.061556       |       0.088386       |       0.066173       |       0.015580       |       0.019656       |
-------------------------------------------------------------------------------------------------------------------------------
