Training Results - Started at: 2025-06-08 20:55:55
Training Completed - Ended at: 2025-06-09 12:08:14
------------------------------------------------------------------------------------------------------------------------------
|  Epoch   |    Semantic Loss  |    Detail Loss   |    Matte Loss    |       MSE        |       MAD      |  Inference Time   |
------------------------------------------------------------------------------------------------------------------------------
|    1     |     47.100719     |     0.738111     |     0.662955     |     0.231511     |    0.247358    |       16.88       |
|    2     |     31.673019     |     0.624154     |     0.432598     |     0.126832     |    0.137969    |       15.18       |
|    3     |     25.842555     |     0.602760     |     0.387544     |     0.092916     |    0.100744    |       14.60       |
|    4     |     22.619221     |     0.580049     |     0.342256     |     0.065434     |    0.073677    |       14.19       |
|    5     |     20.017548     |     0.562766     |     0.305011     |     0.126860     |    0.138629    |       14.51       |
------------------------------------------------------------------------------------------------------------------------------
|    6     |     18.497226     |     0.552759     |     0.288092     |     0.055639     |    0.063121    |       14.12       |
|    7     |     16.552234     |     0.541920     |     0.262765     |     0.050639     |    0.057560    |       14.20       |
|    8     |     16.267587     |     0.537456     |     0.254857     |     0.068163     |    0.076307    |       15.87       |
|    9     |     14.550791     |     0.529872     |     0.236647     |     0.052460     |    0.059632    |       14.85       |
|    10    |     13.830769     |     0.525253     |     0.229136     |     0.049743     |    0.056949    |       15.66       |
------------------------------------------------------------------------------------------------------------------------------
|    11    |     13.028889     |     0.517738     |     0.214495     |     0.059661     |    0.067979    |       14.51       |
|    12    |     12.679653     |     0.516623     |     0.214286     |     0.046945     |    0.053672    |       14.63       |
|    13    |     11.965955     |     0.510575     |     0.202859     |     0.043955     |    0.049396    |       14.16       |
|    14    |     11.333565     |     0.508563     |     0.197134     |     0.032683     |    0.038085    |       15.61       |
|    15    |     11.315465     |     0.503791     |     0.186681     |     0.092825     |    0.103871    |       14.27       |
------------------------------------------------------------------------------------------------------------------------------
|    16    |     10.973740     |     0.503156     |     0.187107     |     0.040228     |    0.046229    |       13.97       |
|    17    |     10.004018     |     0.500521     |     0.180832     |     0.043137     |    0.049263    |       14.35       |
|    18    |     9.622598      |     0.495422     |     0.170498     |     0.039203     |    0.044185    |       14.08       |
|    19    |     9.210471      |     0.493042     |     0.164960     |     0.095078     |    0.103599    |       15.19       |
|    20    |     8.846237      |     0.492176     |     0.164520     |     0.055316     |    0.062520    |       14.75       |
------------------------------------------------------------------------------------------------------------------------------
|    21    |     8.245941      |     0.489524     |     0.158333     |     0.052029     |    0.059026    |       15.41       |
|    22    |     8.114883      |     0.488260     |     0.156689     |     0.062075     |    0.067873    |       14.21       |
|    23    |     7.307629      |     0.485692     |     0.149582     |     0.042932     |    0.048604    |       14.27       |
|    24    |     8.145518      |     0.484363     |     0.148432     |     0.042758     |    0.048685    |       15.21       |
|    25    |     8.134477      |     0.487219     |     0.158442     |     0.038865     |    0.044691    |       14.89       |
------------------------------------------------------------------------------------------------------------------------------
|    26    |     6.382046      |     0.480393     |     0.139167     |     0.031531     |    0.036787    |       14.01       |
|    27    |     5.758185      |     0.476827     |     0.130929     |     0.030713     |    0.036091    |       13.98       |
|    28    |     5.423321      |     0.476467     |     0.128600     |     0.030566     |    0.035674    |       14.48       |
|    29    |     5.197682      |     0.475152     |     0.126298     |     0.033335     |    0.038553    |       13.90       |
|    30    |     5.099949      |     0.474367     |     0.124718     |     0.036059     |    0.041521    |       14.35       |
------------------------------------------------------------------------------------------------------------------------------
|    31    |     5.038662      |     0.473697     |     0.123773     |     0.033784     |    0.039263    |       14.16       |
|    32    |     4.929107      |     0.473692     |     0.122986     |     0.032951     |    0.038124    |       14.79       |
|    33    |     4.833500      |     0.473644     |     0.122287     |     0.035879     |    0.041430    |       14.18       |
|    34    |     4.713714      |     0.472678     |     0.121108     |     0.036698     |    0.041965    |       14.44       |
|    35    |     4.657858      |     0.472808     |     0.120488     |     0.034865     |    0.040239    |       14.90       |
------------------------------------------------------------------------------------------------------------------------------
|    36    |     4.565545      |     0.472693     |     0.119665     |     0.039789     |    0.045224    |       15.49       |
|    37    |     4.569596      |     0.471476     |     0.118972     |     0.035679     |    0.041135    |       14.40       |
|    38    |     4.479421      |     0.472563     |     0.118571     |     0.038800     |    0.044162    |       14.52       |
|    39    |     4.417686      |     0.471095     |     0.117839     |     0.040848     |    0.046373    |       15.42       |
|    40    |     4.369332      |     0.470773     |     0.117142     |     0.039292     |    0.044731    |       14.39       |
------------------------------------------------------------------------------------------------------------------------------
|    41    |     4.267253      |     0.471562     |     0.116834     |     0.040070     |    0.045564    |       15.28       |
|    42    |     4.260663      |     0.470454     |     0.116303     |     0.040266     |    0.045502    |       14.39       |
|    43    |     4.215443      |     0.471039     |     0.115595     |     0.039610     |    0.045125    |       14.19       |
|    44    |     4.143697      |     0.469884     |     0.114989     |     0.038607     |    0.044056    |       14.34       |
|    45    |     4.116018      |     0.469921     |     0.114557     |     0.036645     |    0.042087    |       15.53       |
------------------------------------------------------------------------------------------------------------------------------
|    46    |     4.082534      |     0.469517     |     0.114050     |     0.041579     |    0.047239    |       14.36       |
|    47    |     4.024587      |     0.469249     |     0.113751     |     0.037823     |    0.043129    |       13.88       |
|    48    |     3.967778      |     0.470525     |     0.113380     |     0.039143     |    0.044580    |       14.47       |
|    49    |     3.958479      |     0.469695     |     0.113013     |     0.038440     |    0.043856    |       14.19       |
|    50    |     3.917009      |     0.468586     |     0.112251     |     0.040568     |    0.046140    |       14.67       |
------------------------------------------------------------------------------------------------------------------------------
|    51    |     3.870517      |     0.468622     |     0.111825     |     0.038394     |    0.043851    |       15.76       |
|    52    |     3.819818      |     0.468431     |     0.111538     |     0.040300     |    0.045827    |       15.36       |
|    53    |     3.820425      |     0.469034     |     0.111423     |     0.039869     |    0.045333    |       15.53       |
|    54    |     3.825998      |     0.467787     |     0.111132     |     0.036537     |    0.042005    |       15.34       |
|    55    |     3.837728      |     0.468156     |     0.111088     |     0.039841     |    0.045339    |       14.08       |
------------------------------------------------------------------------------------------------------------------------------
|    56    |     3.841500      |     0.468780     |     0.111599     |     0.039730     |    0.045037    |       14.60       |
|    57    |     3.790854      |     0.468561     |     0.111081     |     0.041391     |    0.046785    |       14.27       |
|    58    |     3.811447      |     0.468292     |     0.110947     |     0.040458     |    0.045979    |       13.78       |
|    59    |     3.758605      |     0.469140     |     0.110908     |     0.041199     |    0.046740    |       15.14       |
|    60    |     3.754166      |     0.467844     |     0.110527     |     0.040680     |    0.046292    |       14.32       |
------------------------------------------------------------------------------------------------------------------------------
|    61    |     3.764008      |     0.468538     |     0.110734     |     0.039476     |    0.044991    |       14.06       |
|    62    |     3.833443      |     0.468491     |     0.110925     |     0.038826     |    0.044189    |       15.16       |
|    63    |     3.752776      |     0.468991     |     0.110807     |     0.038806     |    0.044175    |       14.05       |
|    64    |     3.774628      |     0.468581     |     0.110741     |     0.039354     |    0.044837    |       14.52       |
|    65    |     3.772130      |     0.468211     |     0.110467     |     0.036802     |    0.042413    |       15.32       |
------------------------------------------------------------------------------------------------------------------------------
|    66    |     3.749421      |     0.468128     |     0.110561     |     0.040173     |    0.045597    |       13.93       |
|    67    |     3.773642      |     0.469055     |     0.110728     |     0.039805     |    0.045562    |       15.20       |
|    68    |     3.789445      |     0.468752     |     0.110570     |     0.037423     |    0.043046    |       14.90       |
|    69    |     3.696673      |     0.468539     |     0.110519     |     0.040833     |    0.046362    |       14.81       |
|    70    |     3.739698      |     0.467639     |     0.110380     |     0.040443     |    0.045974    |       14.97       |
------------------------------------------------------------------------------------------------------------------------------
|    71    |     3.747994      |     0.467755     |     0.110041     |     0.041203     |    0.046875    |       14.97       |
|    72    |     3.755083      |     0.468349     |     0.110541     |     0.038726     |    0.044303    |       15.57       |
|    73    |     3.733792      |     0.468095     |     0.110147     |     0.039614     |    0.045066    |       15.93       |
|    74    |     3.737639      |     0.467640     |     0.110432     |     0.039948     |    0.045559    |       15.16       |
|    75    |     3.742037      |     0.467500     |     0.109977     |     0.039701     |    0.045239    |       14.51       |
------------------------------------------------------------------------------------------------------------------------------
|    76    |     3.692475      |     0.468600     |     0.110140     |     0.039196     |    0.044559    |       15.81       |
|    77    |     3.697148      |     0.467779     |     0.110099     |     0.040853     |    0.046402    |       15.57       |
|    78    |     3.678005      |     0.467471     |     0.109738     |     0.037801     |    0.043416    |       14.19       |
|    79    |     3.697924      |     0.468254     |     0.110097     |     0.038315     |    0.043874    |       15.54       |
|    80    |     3.712317      |     0.467982     |     0.110081     |     0.040590     |    0.046090    |       14.10       |
------------------------------------------------------------------------------------------------------------------------------
|    81    |     3.702204      |     0.467936     |     0.110195     |     0.041707     |    0.047206    |       14.46       |
|    82    |     3.751253      |     0.468497     |     0.110151     |     0.039860     |    0.045534    |       15.57       |
|    83    |     3.714606      |     0.467937     |     0.110180     |     0.041087     |    0.046715    |       15.70       |
|    84    |     3.702010      |     0.467415     |     0.110223     |     0.043360     |    0.048966    |       15.85       |
|    85    |     3.685556      |     0.468407     |     0.110006     |     0.040556     |    0.046022    |       15.14       |
------------------------------------------------------------------------------------------------------------------------------
|    86    |     3.675959      |     0.467266     |     0.109812     |     0.038927     |    0.044400    |       14.39       |
|    87    |     3.688572      |     0.468087     |     0.110045     |     0.037938     |    0.043433    |       15.18       |
|    88    |     3.708108      |     0.467861     |     0.110397     |     0.037789     |    0.043231    |       14.30       |
|    89    |     3.671446      |     0.468721     |     0.110089     |     0.038323     |    0.043872    |       13.66       |
|    90    |     3.720229      |     0.468159     |     0.109965     |     0.039795     |    0.045185    |       14.67       |
------------------------------------------------------------------------------------------------------------------------------
|    91    |     3.702270      |     0.467577     |     0.110159     |     0.037951     |    0.043401    |       14.12       |
|    92    |     3.713531      |     0.468181     |     0.110079     |     0.036877     |    0.042299    |       13.81       |
|    93    |     3.703760      |     0.468234     |     0.109882     |     0.038476     |    0.043926    |       13.70       |
|    94    |     3.702479      |     0.468060     |     0.109834     |     0.038883     |    0.044255    |       14.83       |
|    95    |     3.693738      |     0.468505     |     0.110053     |     0.039283     |    0.044807    |       13.65       |
------------------------------------------------------------------------------------------------------------------------------
|    96    |     3.669020      |     0.468029     |     0.109932     |     0.038145     |    0.043535    |       14.00       |
|    97    |     3.701270      |     0.467976     |     0.110012     |     0.040420     |    0.045999    |       14.02       |
|    98    |     3.718834      |     0.467518     |     0.109920     |     0.039801     |    0.045174    |       14.05       |
|    99    |     3.699888      |     0.468198     |     0.110057     |     0.039005     |    0.044520    |       15.12       |
|   100    |     3.700786      |     0.467793     |     0.109921     |     0.037532     |    0.043020    |       13.96       |
------------------------------------------------------------------------------------------------------------------------------
