Training Results - Started at: 2025-05-08 13:21:01
Training Completed - Ended at: 2025-05-09 04:32:32
------------------------------------------------------------------------------------------------------------------------------
|  Epoch   |    Semantic Loss  |    Detail Loss   |    Matte Loss    |       MSE        |       MAD      |  Inference Time   |
------------------------------------------------------------------------------------------------------------------------------
|    1     |     45.213763     |     0.717122     |     0.651421     |     0.219716     |    0.236186    |       17.92       |
|    2     |     31.399047     |     0.609936     |     0.418010     |     0.235016     |    0.251753    |       14.18       |
|    3     |     25.628598     |     0.575323     |     0.350817     |     0.066529     |    0.078880    |       14.10       |
|    4     |     22.398041     |     0.554869     |     0.310505     |     0.114432     |    0.126244    |       14.20       |
|    5     |     20.378017     |     0.541449     |     0.284063     |     0.124235     |    0.140915    |       15.49       |
------------------------------------------------------------------------------------------------------------------------------
|    6     |     18.856344     |     0.533720     |     0.265221     |     0.052298     |    0.062997    |       13.92       |
|    7     |     17.187802     |     0.527374     |     0.250871     |     0.109768     |    0.119888    |       14.95       |
|    8     |     16.617742     |     0.521691     |     0.238428     |     0.038955     |    0.045897    |       14.08       |
|    9     |     15.419856     |     0.518367     |     0.228920     |     0.069601     |    0.077509    |       13.82       |
|    10    |     13.613640     |     0.511612     |     0.214976     |     0.102581     |    0.112179    |       14.82       |
------------------------------------------------------------------------------------------------------------------------------
|    11    |     13.843179     |     0.509069     |     0.207111     |     0.051700     |    0.058509    |       15.21       |
|    12    |     12.858771     |     0.506337     |     0.202739     |     0.108124     |    0.116917    |       15.12       |
|    13    |     12.213594     |     0.503618     |     0.195568     |     0.079074     |    0.085756    |       15.31       |
|    14    |     11.025738     |     0.498573     |     0.184103     |     0.139912     |    0.147970    |       14.13       |
|    15    |     10.961824     |     0.496096     |     0.178848     |     0.077851     |    0.085946    |       14.20       |
------------------------------------------------------------------------------------------------------------------------------
|    16    |     10.622043     |     0.494719     |     0.177533     |     0.027562     |    0.033090    |       14.25       |
|    17    |     9.635295      |     0.491323     |     0.167033     |     0.049888     |    0.055558    |       15.18       |
|    18    |     9.321496      |     0.488449     |     0.162012     |     0.053593     |    0.059232    |       14.16       |
|    19    |     8.886495      |     0.486490     |     0.158164     |     0.052366     |    0.057590    |       15.81       |
|    20    |     8.818455      |     0.485847     |     0.156281     |     0.075774     |    0.082148    |       15.50       |
------------------------------------------------------------------------------------------------------------------------------
|    21    |     8.196416      |     0.484135     |     0.151297     |     0.042685     |    0.048149    |       14.29       |
|    22    |     7.879072      |     0.481153     |     0.145447     |     0.044125     |    0.049941    |       14.28       |
|    23    |     7.286944      |     0.479643     |     0.141397     |     0.062923     |    0.068163    |       15.75       |
|    24    |     7.479047      |     0.478892     |     0.142037     |     0.037028     |    0.042941    |       14.62       |
|    25    |     6.550661      |     0.475790     |     0.134889     |     0.032896     |    0.038015    |       14.18       |
------------------------------------------------------------------------------------------------------------------------------
|    26    |     5.515713      |     0.472732     |     0.125917     |     0.031255     |    0.036470    |       14.35       |
|    27    |     4.946822      |     0.469434     |     0.118888     |     0.033312     |    0.038628    |       14.17       |
|    28    |     4.709729      |     0.469128     |     0.116804     |     0.029998     |    0.035598    |       15.90       |
|    29    |     4.533427      |     0.468486     |     0.115251     |     0.032727     |    0.038181    |       15.24       |
|    30    |     4.435909      |     0.467810     |     0.113823     |     0.033601     |    0.039243    |       15.22       |
------------------------------------------------------------------------------------------------------------------------------
|    31    |     4.343007      |     0.467384     |     0.113059     |     0.033910     |    0.039325    |       15.37       |
|    32    |     4.232786      |     0.466820     |     0.112105     |     0.030590     |    0.035973    |       15.25       |
|    33    |     4.120681      |     0.466725     |     0.111119     |     0.030369     |    0.035765    |       14.25       |
|    34    |     4.048962      |     0.466652     |     0.110729     |     0.034247     |    0.039700    |       15.55       |
|    35    |     4.030724      |     0.466150     |     0.109961     |     0.033359     |    0.038774    |       15.49       |
------------------------------------------------------------------------------------------------------------------------------
|    36    |     3.987040      |     0.466088     |     0.109350     |     0.032769     |    0.038276    |       13.94       |
|    37    |     3.890996      |     0.465939     |     0.108954     |     0.034354     |    0.039824    |       14.95       |
|    38    |     3.878822      |     0.465307     |     0.108388     |     0.027332     |    0.032369    |       15.89       |
|    39    |     3.803384      |     0.465224     |     0.107908     |     0.033051     |    0.038296    |       15.88       |
|    40    |     3.721298      |     0.464614     |     0.106919     |     0.031178     |    0.036718    |       14.56       |
------------------------------------------------------------------------------------------------------------------------------
|    41    |     3.693973      |     0.464021     |     0.106756     |     0.040491     |    0.046427    |       14.17       |
|    42    |     3.675031      |     0.464404     |     0.106251     |     0.045817     |    0.051723    |       14.65       |
|    43    |     3.635236      |     0.464732     |     0.105755     |     0.040676     |    0.046932    |       14.41       |
|    44    |     3.597627      |     0.464164     |     0.105641     |     0.029617     |    0.034845    |       15.61       |
|    45    |     3.520423      |     0.463317     |     0.104676     |     0.029802     |    0.034965    |       16.11       |
------------------------------------------------------------------------------------------------------------------------------
|    46    |     3.496790      |     0.463350     |     0.104450     |     0.032413     |    0.037885    |       14.40       |
|    47    |     3.446369      |     0.463366     |     0.103949     |     0.035731     |    0.041176    |       15.02       |
|    48    |     3.458485      |     0.463088     |     0.103830     |     0.030317     |    0.035589    |       14.64       |
|    49    |     3.383859      |     0.463106     |     0.102908     |     0.030261     |    0.035490    |       14.61       |
|    50    |     3.331534      |     0.463246     |     0.102581     |     0.026207     |    0.031090    |       15.68       |
------------------------------------------------------------------------------------------------------------------------------
|    51    |     3.286521      |     0.462738     |     0.102470     |     0.027767     |    0.032795    |       15.54       |
|    52    |     3.254073      |     0.462817     |     0.101705     |     0.026649     |    0.031655    |       14.99       |
|    53    |     3.265181      |     0.462220     |     0.101753     |     0.028942     |    0.034178    |       14.30       |
|    54    |     3.241756      |     0.462191     |     0.101917     |     0.032223     |    0.037798    |       14.30       |
|    55    |     3.236873      |     0.462652     |     0.101908     |     0.028797     |    0.033980    |       15.53       |
------------------------------------------------------------------------------------------------------------------------------
|    56    |     3.244509      |     0.462298     |     0.101522     |     0.032557     |    0.038164    |       13.92       |
|    57    |     3.252679      |     0.462368     |     0.101646     |     0.035224     |    0.041060    |       15.02       |
|    58    |     3.176983      |     0.462875     |     0.101446     |     0.029872     |    0.035140    |       15.38       |
|    59    |     3.201574      |     0.462167     |     0.101491     |     0.036853     |    0.042424    |       15.32       |
|    60    |     3.206480      |     0.462302     |     0.101463     |     0.033500     |    0.039174    |       15.11       |
------------------------------------------------------------------------------------------------------------------------------
|    61    |     3.214688      |     0.462216     |     0.101514     |     0.031408     |    0.036727    |       15.31       |
|    62    |     3.198927      |     0.462612     |     0.101101     |     0.031588     |    0.036821    |       14.22       |
|    63    |     3.205723      |     0.462198     |     0.101273     |     0.034880     |    0.040591    |       15.50       |
|    64    |     3.209561      |     0.462222     |     0.101249     |     0.029646     |    0.034833    |       15.16       |
|    65    |     3.179169      |     0.462540     |     0.101012     |     0.034830     |    0.040612    |       14.59       |
------------------------------------------------------------------------------------------------------------------------------
|    66    |     3.175839      |     0.462770     |     0.101142     |     0.038315     |    0.044318    |       14.39       |
|    67    |     3.167220      |     0.462068     |     0.101021     |     0.031301     |    0.036583    |       14.68       |
|    68    |     3.162261      |     0.462526     |     0.101119     |     0.032186     |    0.037286    |       15.51       |
|    69    |     3.181664      |     0.461844     |     0.100761     |     0.030791     |    0.036090    |       15.87       |
|    70    |     3.174002      |     0.461986     |     0.100914     |     0.032832     |    0.038395    |       14.31       |
------------------------------------------------------------------------------------------------------------------------------
|    71    |     3.158008      |     0.462276     |     0.100920     |     0.033409     |    0.039039    |       14.52       |
|    72    |     3.174298      |     0.461796     |     0.100727     |     0.035464     |    0.041112    |       14.71       |
|    73    |     3.171144      |     0.462094     |     0.100861     |     0.034481     |    0.039891    |       15.73       |
|    74    |     3.137484      |     0.461801     |     0.100726     |     0.036333     |    0.042204    |       14.21       |
|    75    |     3.153406      |     0.462592     |     0.100824     |     0.033761     |    0.039269    |       14.65       |
------------------------------------------------------------------------------------------------------------------------------
|    76    |     3.142337      |     0.462211     |     0.100473     |     0.035647     |    0.041336    |       14.05       |
|    77    |     3.147080      |     0.462253     |     0.100566     |     0.036297     |    0.042000    |       14.55       |
|    78    |     3.116149      |     0.462546     |     0.100703     |     0.034625     |    0.040324    |       15.05       |
|    79    |     3.131520      |     0.462604     |     0.100907     |     0.039073     |    0.045060    |       15.14       |
|    80    |     3.144727      |     0.461636     |     0.100763     |     0.031078     |    0.036291    |       13.89       |
------------------------------------------------------------------------------------------------------------------------------
|    81    |     3.130862      |     0.461674     |     0.100700     |     0.039893     |    0.045876    |       14.05       |
|    82    |     3.138996      |     0.461825     |     0.100494     |     0.039521     |    0.045524    |       15.19       |
|    83    |     3.133923      |     0.461639     |     0.100610     |     0.033691     |    0.039180    |       15.56       |
|    84    |     3.128961      |     0.462373     |     0.100663     |     0.032744     |    0.038137    |       15.53       |
|    85    |     3.130938      |     0.462288     |     0.100522     |     0.035929     |    0.041561    |       14.05       |
------------------------------------------------------------------------------------------------------------------------------
|    86    |     3.118951      |     0.461123     |     0.100596     |     0.029529     |    0.034751    |       14.55       |
|    87    |     3.134277      |     0.461520     |     0.100423     |     0.033109     |    0.038511    |       14.89       |
|    88    |     3.154658      |     0.461779     |     0.100833     |     0.034839     |    0.040584    |       14.21       |
|    89    |     3.131574      |     0.461591     |     0.100549     |     0.032244     |    0.037604    |       13.94       |
|    90    |     3.148846      |     0.462087     |     0.100643     |     0.032393     |    0.037815    |       14.54       |
------------------------------------------------------------------------------------------------------------------------------
|    91    |     3.161737      |     0.462607     |     0.100505     |     0.031117     |    0.036283    |       15.18       |
|    92    |     3.103091      |     0.462027     |     0.100450     |     0.031831     |    0.036987    |       14.93       |
|    93    |     3.146016      |     0.461513     |     0.100564     |     0.034193     |    0.039633    |       14.88       |
|    94    |     3.134530      |     0.462143     |     0.100666     |     0.035322     |    0.041082    |       14.25       |
|    95    |     3.112923      |     0.461730     |     0.100563     |     0.032119     |    0.037366    |       15.31       |
------------------------------------------------------------------------------------------------------------------------------
|    96    |     3.141468      |     0.462380     |     0.100796     |     0.033129     |    0.038488    |       14.08       |
|    97    |     3.143914      |     0.461714     |     0.100664     |     0.033882     |    0.039467    |       14.41       |
|    98    |     3.146076      |     0.462110     |     0.100653     |     0.033254     |    0.038619    |       14.75       |
|    99    |     3.127628      |     0.462181     |     0.100625     |     0.033231     |    0.038429    |       14.05       |
|   100    |     3.123908      |     0.462420     |     0.100466     |     0.031671     |    0.037054    |       14.27       |
------------------------------------------------------------------------------------------------------------------------------
