Training Results - Started at: 2025-06-04 21:39:14
Training Completed - Ended at: 2025-06-05 12:38:18
------------------------------------------------------------------------------------------------------------------------------
|  Epoch   |    Semantic Loss  |    Detail Loss   |    Matte Loss    |       MSE        |       MAD      |  Inference Time   |
------------------------------------------------------------------------------------------------------------------------------
|    1     |     40.242264     |     0.705848     |     0.611384     |     0.305262     |    0.330089    |       15.75       |
|    2     |     26.919352     |     0.585581     |     0.391136     |     0.161744     |    0.179875    |       16.16       |
|    3     |     22.187264     |     0.554766     |     0.321445     |     0.046458     |    0.053888    |       16.24       |
|    4     |     19.090197     |     0.540651     |     0.286023     |     0.125701     |    0.138727    |       15.13       |
|    5     |     17.248535     |     0.528693     |     0.259783     |     0.075904     |    0.085277    |       15.02       |
------------------------------------------------------------------------------------------------------------------------------
|    6     |     15.971714     |     0.523670     |     0.244047     |     0.069813     |    0.080333    |       14.59       |
|    7     |     14.366653     |     0.516609     |     0.228797     |     0.042703     |    0.050440    |       15.92       |
|    8     |     13.097881     |     0.509091     |     0.210592     |     0.047712     |    0.057185    |       16.02       |
|    9     |     12.144948     |     0.506352     |     0.201285     |     0.053467     |    0.061699    |       14.64       |
|    10    |     11.019397     |     0.500884     |     0.190054     |     0.047931     |    0.054662    |       16.09       |
------------------------------------------------------------------------------------------------------------------------------
|    11    |     10.519779     |     0.497809     |     0.184448     |     0.119892     |    0.131123    |       14.14       |
|    12    |     10.267772     |     0.495149     |     0.178607     |     0.043778     |    0.049384    |       14.93       |
|    13    |     9.132749      |     0.490741     |     0.166243     |     0.060448     |    0.067230    |       14.17       |
|    14    |     9.297726      |     0.487282     |     0.158944     |     0.111098     |    0.120763    |       14.34       |
|    15    |     8.420858      |     0.486140     |     0.157004     |     0.079203     |    0.084746    |       15.11       |
------------------------------------------------------------------------------------------------------------------------------
|    16    |     8.894913      |     0.486588     |     0.160695     |     0.041958     |    0.048066    |       14.45       |
|    17    |     7.623865      |     0.481335     |     0.146087     |     0.031748     |    0.037144    |       15.09       |
|    18    |     7.329048      |     0.478061     |     0.138667     |     0.031579     |    0.036650    |       14.55       |
|    19    |     7.125116      |     0.477637     |     0.137772     |     0.048667     |    0.056684    |       14.42       |
|    20    |     6.369068      |     0.474922     |     0.131466     |     0.023161     |    0.027908    |       14.33       |
------------------------------------------------------------------------------------------------------------------------------
|    21    |     6.069172      |     0.472888     |     0.128415     |     0.026646     |    0.031232    |       14.81       |
|    22    |     5.646352      |     0.470904     |     0.120224     |     0.024816     |    0.029476    |       15.33       |
|    23    |     6.211850      |     0.471213     |     0.123481     |     0.027402     |    0.032408    |       14.33       |
|    24    |     5.461132      |     0.467981     |     0.116896     |     0.025173     |    0.029974    |       14.62       |
|    25    |     5.710458      |     0.468125     |     0.118611     |     0.034036     |    0.039507    |       14.48       |
------------------------------------------------------------------------------------------------------------------------------
|    26    |     5.264825      |     0.468370     |     0.118224     |     0.023327     |    0.027942    |       16.00       |
|    27    |     4.467616      |     0.464413     |     0.106917     |     0.020645     |    0.024933    |       16.46       |
|    28    |     4.195725      |     0.462540     |     0.103995     |     0.021234     |    0.025667    |       15.72       |
|    29    |     4.081953      |     0.461211     |     0.102219     |     0.019835     |    0.024182    |       15.92       |
|    30    |     3.927089      |     0.460865     |     0.100828     |     0.019729     |    0.024052    |       15.17       |
------------------------------------------------------------------------------------------------------------------------------
|    31    |     3.826364      |     0.460118     |     0.099813     |     0.020993     |    0.025410    |       16.28       |
|    32    |     3.798469      |     0.460755     |     0.099363     |     0.019404     |    0.023663    |       15.84       |
|    33    |     3.715936      |     0.461499     |     0.098732     |     0.021342     |    0.025554    |       14.20       |
|    34    |     3.641215      |     0.460457     |     0.097605     |     0.019452     |    0.023719    |       15.70       |
|    35    |     3.606105      |     0.459109     |     0.097167     |     0.018761     |    0.022927    |       15.73       |
------------------------------------------------------------------------------------------------------------------------------
|    36    |     3.583306      |     0.460167     |     0.096685     |     0.018856     |    0.023080    |       14.24       |
|    37    |     3.523013      |     0.459092     |     0.095959     |     0.017580     |    0.021603    |       16.46       |
|    38    |     3.504221      |     0.459807     |     0.095933     |     0.018074     |    0.022234    |       14.47       |
|    39    |     3.466914      |     0.459654     |     0.095288     |     0.019863     |    0.024299    |       14.38       |
|    40    |     3.414794      |     0.458449     |     0.094385     |     0.018450     |    0.022614    |       15.19       |
------------------------------------------------------------------------------------------------------------------------------
|    41    |     3.419907      |     0.458595     |     0.094723     |     0.018564     |    0.022883    |       15.29       |
|    42    |     3.359046      |     0.458819     |     0.094116     |     0.020157     |    0.024464    |       15.48       |
|    43    |     3.333789      |     0.458344     |     0.093472     |     0.018163     |    0.022244    |       14.23       |
|    44    |     3.333037      |     0.457365     |     0.093206     |     0.018665     |    0.022783    |       16.06       |
|    45    |     3.270293      |     0.457898     |     0.092576     |     0.019102     |    0.023164    |       16.16       |
------------------------------------------------------------------------------------------------------------------------------
|    46    |     3.270927      |     0.458010     |     0.092740     |     0.020257     |    0.024614    |       15.51       |
|    47    |     3.231117      |     0.457243     |     0.092320     |     0.017947     |    0.022088    |       14.71       |
|    48    |     3.223920      |     0.458698     |     0.092155     |     0.017654     |    0.021778    |       14.42       |
|    49    |     3.190119      |     0.457625     |     0.091465     |     0.018710     |    0.022917    |       15.57       |
|    50    |     3.147765      |     0.457415     |     0.091094     |     0.019012     |    0.023164    |       15.77       |
------------------------------------------------------------------------------------------------------------------------------
|    51    |     3.135299      |     0.457215     |     0.091004     |     0.019458     |    0.023737    |       15.42       |
|    52    |     3.129499      |     0.457006     |     0.090786     |     0.018936     |    0.023080    |       15.89       |
|    53    |     3.123151      |     0.457203     |     0.090916     |     0.018459     |    0.022543    |       15.00       |
|    54    |     3.132651      |     0.457223     |     0.090606     |     0.017036     |    0.021055    |       15.65       |
|    55    |     3.078385      |     0.456704     |     0.090667     |     0.018086     |    0.022115    |       14.97       |
------------------------------------------------------------------------------------------------------------------------------
|    56    |     3.120371      |     0.456694     |     0.090568     |     0.018452     |    0.022594    |       15.45       |
|    57    |     3.116028      |     0.456727     |     0.090404     |     0.017653     |    0.021696    |       14.62       |
|    58    |     3.067621      |     0.456597     |     0.090165     |     0.018281     |    0.022417    |       14.61       |
|    59    |     3.119418      |     0.456721     |     0.090431     |     0.018784     |    0.022983    |       13.84       |
|    60    |     3.092315      |     0.456691     |     0.090500     |     0.018297     |    0.022435    |       14.04       |
------------------------------------------------------------------------------------------------------------------------------
|    61    |     3.072120      |     0.456524     |     0.090304     |     0.018400     |    0.022548    |       15.28       |
|    62    |     3.051087      |     0.457185     |     0.090089     |     0.017832     |    0.021869    |       14.16       |
|    63    |     3.058933      |     0.456670     |     0.090231     |     0.018058     |    0.022167    |       14.15       |
|    64    |     3.060508      |     0.455887     |     0.090006     |     0.017678     |    0.021774    |       15.74       |
|    65    |     3.068652      |     0.457174     |     0.090320     |     0.018478     |    0.022551    |       14.56       |
------------------------------------------------------------------------------------------------------------------------------
|    66    |     3.057232      |     0.457092     |     0.090104     |     0.018523     |    0.022702    |       14.39       |
|    67    |     3.043071      |     0.456375     |     0.089889     |     0.017981     |    0.022061    |       14.22       |
|    68    |     3.039204      |     0.456295     |     0.090171     |     0.019211     |    0.023466    |       15.48       |
|    69    |     3.039220      |     0.456293     |     0.089982     |     0.018383     |    0.022434    |       14.09       |
|    70    |     3.023027      |     0.456722     |     0.089836     |     0.017865     |    0.021926    |       15.83       |
------------------------------------------------------------------------------------------------------------------------------
|    71    |     3.057735      |     0.456542     |     0.089846     |     0.018636     |    0.022719    |       14.80       |
|    72    |     3.085535      |     0.456829     |     0.089901     |     0.018574     |    0.022680    |       15.40       |
|    73    |     3.044054      |     0.456267     |     0.089932     |     0.018570     |    0.022635    |       14.52       |
|    74    |     3.044165      |     0.456360     |     0.089888     |     0.017641     |    0.021727    |       14.04       |
|    75    |     3.022018      |     0.456093     |     0.089533     |     0.018075     |    0.022132    |       14.99       |
------------------------------------------------------------------------------------------------------------------------------
|    76    |     3.016756      |     0.456339     |     0.089786     |     0.017529     |    0.021571    |       14.08       |
|    77    |     3.045327      |     0.456731     |     0.089969     |     0.018361     |    0.022477    |       15.06       |
|    78    |     3.040375      |     0.456226     |     0.089889     |     0.018308     |    0.022436    |       13.98       |
|    79    |     3.014900      |     0.456325     |     0.089528     |     0.018306     |    0.022405    |       15.04       |
|    80    |     3.046917      |     0.456968     |     0.089757     |     0.017757     |    0.021844    |       15.59       |
------------------------------------------------------------------------------------------------------------------------------
|    81    |     3.037938      |     0.456798     |     0.089764     |     0.018167     |    0.022321    |       15.58       |
|    82    |     3.052891      |     0.456110     |     0.089767     |     0.018863     |    0.023019    |       15.18       |
|    83    |     3.028486      |     0.455993     |     0.089681     |     0.018496     |    0.022705    |       14.52       |
|    84    |     3.042891      |     0.456405     |     0.089652     |     0.018201     |    0.022299    |       15.49       |
|    85    |     3.032824      |     0.456496     |     0.089652     |     0.018509     |    0.022560    |       14.09       |
------------------------------------------------------------------------------------------------------------------------------
|    86    |     3.054098      |     0.456213     |     0.089651     |     0.018382     |    0.022440    |       14.15       |
|    87    |     3.047558      |     0.455942     |     0.089607     |     0.018392     |    0.022509    |       14.42       |
|    88    |     3.017815      |     0.455972     |     0.089786     |     0.017352     |    0.021359    |       14.70       |
|    89    |     3.049834      |     0.456818     |     0.089786     |     0.017527     |    0.021537    |       14.66       |
|    90    |     3.050721      |     0.457277     |     0.089894     |     0.019087     |    0.023159    |       15.68       |
------------------------------------------------------------------------------------------------------------------------------
|    91    |     3.021397      |     0.456246     |     0.089801     |     0.017574     |    0.021650    |       14.70       |
|    92    |     3.038315      |     0.456407     |     0.089740     |     0.017723     |    0.021791    |       15.42       |
|    93    |     3.037946      |     0.456410     |     0.089543     |     0.017843     |    0.021912    |       14.53       |
|    94    |     3.028191      |     0.456814     |     0.089808     |     0.017413     |    0.021459    |       14.22       |
|    95    |     3.039824      |     0.456078     |     0.089572     |     0.017937     |    0.022017    |       13.81       |
------------------------------------------------------------------------------------------------------------------------------
|    96    |     3.022892      |     0.456424     |     0.089695     |     0.018164     |    0.022304    |       14.11       |
|    97    |     3.061248      |     0.456343     |     0.089704     |     0.017717     |    0.021781    |       14.12       |
|    98    |     3.044841      |     0.456655     |     0.089654     |     0.018382     |    0.022485    |       13.96       |
|    99    |     3.029145      |     0.456261     |     0.089752     |     0.017735     |    0.021787    |       14.03       |
|   100    |     3.012947      |     0.456784     |     0.089595     |     0.018662     |    0.022726    |       14.46       |
------------------------------------------------------------------------------------------------------------------------------
