Training Results - Started at: 2025-06-30 15:30:06
Training Completed - Ended at: 2025-07-01 12:21:43
------------------------------------------------------------------------------------------------------------------------------
|  Epoch   |    Semantic Loss  |    Detail Loss   |    Matte Loss    |       MSE        |       MAD      |  Inference Time   |
------------------------------------------------------------------------------------------------------------------------------
|    1     |     43.780265     |     0.712956     |     0.640564     |     0.112524     |    0.130178    |       22.32       |
|    2     |     29.371110     |     0.589823     |     0.399096     |     0.240270     |    0.266043    |       15.15       |
|    3     |     25.296809     |     0.564226     |     0.343013     |     0.067323     |    0.082168    |       16.13       |
|    4     |     23.453403     |     0.550565     |     0.314992     |     0.074424     |    0.086605    |       14.70       |
|    5     |     21.186061     |     0.541661     |     0.293048     |     0.071682     |    0.080665    |       15.55       |
------------------------------------------------------------------------------------------------------------------------------
|    6     |     20.203009     |     0.535637     |     0.278782     |     0.056252     |    0.063204    |       15.52       |
|    7     |     18.881303     |     0.529447     |     0.265982     |     0.103530     |    0.119323    |       14.77       |
|    8     |     17.648623     |     0.526080     |     0.258041     |     0.061398     |    0.074477    |       15.69       |
|    9     |     17.211274     |     0.521549     |     0.247395     |     0.052947     |    0.062142    |       15.24       |
|    10    |     15.648421     |     0.518030     |     0.238279     |     0.039715     |    0.048097    |       15.35       |
------------------------------------------------------------------------------------------------------------------------------
|    11    |     15.419866     |     0.515165     |     0.231922     |     0.135149     |    0.151359    |       15.21       |
|    12    |     14.840640     |     0.513464     |     0.226654     |     0.042617     |    0.050163    |       14.53       |
|    13    |     13.473995     |     0.509528     |     0.214772     |     0.060605     |    0.070077    |       14.92       |
|    14    |     12.800553     |     0.505902     |     0.206587     |     0.038979     |    0.045814    |       14.58       |
|    15    |     12.362414     |     0.504401     |     0.202324     |     0.047987     |    0.054956    |       14.03       |
------------------------------------------------------------------------------------------------------------------------------
|    16    |     11.839475     |     0.502326     |     0.198429     |     0.122515     |    0.132733    |       14.72       |
|    17    |     11.048637     |     0.499369     |     0.188789     |     0.044539     |    0.052712    |       14.40       |
|    18    |     10.190495     |     0.497423     |     0.183956     |     0.037928     |    0.043291    |       14.41       |
|    19    |     10.136171     |     0.494979     |     0.178782     |     0.045193     |    0.054154    |       14.92       |
|    20    |     9.519478      |     0.493072     |     0.173445     |     0.033829     |    0.039433    |       15.07       |
------------------------------------------------------------------------------------------------------------------------------
|    21    |     9.173247      |     0.491152     |     0.168838     |     0.026378     |    0.031682    |       15.88       |
|    22    |     8.835221      |     0.488949     |     0.165703     |     0.035523     |    0.041021    |       14.03       |
|    23    |     8.710392      |     0.489415     |     0.166881     |     0.028150     |    0.033003    |       14.67       |
|    24    |     8.267106      |     0.487035     |     0.162686     |     0.032890     |    0.039043    |       15.04       |
|    25    |     7.850284      |     0.485337     |     0.156435     |     0.024999     |    0.030014    |       15.97       |
------------------------------------------------------------------------------------------------------------------------------
|    26    |     6.702862      |     0.482812     |     0.149762     |     0.022807     |    0.027722    |       14.95       |
|    27    |     5.772283      |     0.478079     |     0.137337     |     0.023864     |    0.028840    |       16.02       |
|    28    |     5.565749      |     0.477553     |     0.134667     |     0.025077     |    0.030253    |       15.70       |
|    29    |     5.355512      |     0.477328     |     0.132884     |     0.024974     |    0.030042    |       14.70       |
|    30    |     5.228597      |     0.477067     |     0.131447     |     0.023328     |    0.028448    |       15.88       |
------------------------------------------------------------------------------------------------------------------------------
|    31    |     5.111749      |     0.476062     |     0.129991     |     0.025959     |    0.031267    |       14.40       |
|    32    |     5.003708      |     0.475589     |     0.128857     |     0.024165     |    0.029281    |       14.59       |
|    33    |     4.964523      |     0.473845     |     0.127827     |     0.023933     |    0.028930    |       14.68       |
|    34    |     4.874767      |     0.474370     |     0.126918     |     0.024054     |    0.029011    |       14.12       |
|    35    |     4.764246      |     0.474085     |     0.126165     |     0.023673     |    0.028670    |       15.48       |
------------------------------------------------------------------------------------------------------------------------------
|    36    |     4.720568      |     0.474396     |     0.125532     |     0.023357     |    0.028397    |       15.70       |
|    37    |     4.642948      |     0.473982     |     0.124694     |     0.023667     |    0.028608    |       14.11       |
|    38    |     4.606728      |     0.472968     |     0.123969     |     0.025050     |    0.030059    |       14.08       |
|    39    |     4.534811      |     0.473455     |     0.123682     |     0.024833     |    0.029803    |       14.57       |
|    40    |     4.453921      |     0.472824     |     0.122610     |     0.025423     |    0.030458    |       15.25       |
------------------------------------------------------------------------------------------------------------------------------
|    41    |     4.454059      |     0.473313     |     0.122284     |     0.025670     |    0.030686    |       15.21       |
|    42    |     4.381059      |     0.472364     |     0.121758     |     0.026474     |    0.031439    |       14.28       |
|    43    |     4.304396      |     0.472707     |     0.121141     |     0.024260     |    0.029163    |       14.33       |
|    44    |     4.279580      |     0.472048     |     0.120107     |     0.026587     |    0.031604    |       15.18       |
|    45    |     4.243338      |     0.472022     |     0.119957     |     0.024838     |    0.029873    |       14.69       |
------------------------------------------------------------------------------------------------------------------------------
|    46    |     4.159068      |     0.471400     |     0.119092     |     0.023560     |    0.028586    |       14.58       |
|    47    |     4.143555      |     0.470978     |     0.118759     |     0.025017     |    0.030152    |       14.36       |
|    48    |     4.087604      |     0.471326     |     0.118314     |     0.024933     |    0.029813    |       14.33       |
|    49    |     4.050629      |     0.470556     |     0.117558     |     0.025408     |    0.030459    |       15.42       |
|    50    |     3.999609      |     0.470556     |     0.116917     |     0.027221     |    0.032132    |       15.66       |
------------------------------------------------------------------------------------------------------------------------------
|    51    |     3.957089      |     0.470090     |     0.116520     |     0.025851     |    0.030775    |       14.40       |
|    52    |     3.943120      |     0.469774     |     0.116153     |     0.025503     |    0.030394    |       14.59       |
|    53    |     3.923316      |     0.469983     |     0.116034     |     0.026285     |    0.031206    |       13.97       |
|    54    |     3.911745      |     0.470094     |     0.116023     |     0.025965     |    0.030979    |       15.28       |
|    55    |     3.913399      |     0.470418     |     0.116174     |     0.025760     |    0.030725    |       14.70       |
------------------------------------------------------------------------------------------------------------------------------
|    56    |     3.880766      |     0.470239     |     0.115443     |     0.026297     |    0.031165    |       16.00       |
|    57    |     3.883522      |     0.469718     |     0.115660     |     0.026240     |    0.031227    |       14.74       |
|    58    |     3.853701      |     0.469426     |     0.115377     |     0.025338     |    0.030320    |       14.14       |
|    59    |     3.880181      |     0.469284     |     0.115526     |     0.025988     |    0.030920    |       15.20       |
|    60    |     3.883348      |     0.469477     |     0.115442     |     0.026123     |    0.031048    |       14.45       |
------------------------------------------------------------------------------------------------------------------------------
|    61    |     3.856085      |     0.469319     |     0.115060     |     0.026127     |    0.031018    |       14.79       |
|    62    |     3.833509      |     0.469082     |     0.114862     |     0.024781     |    0.029670    |       15.24       |
|    63    |     3.853858      |     0.469204     |     0.115124     |     0.024867     |    0.029766    |       13.99       |
|    64    |     3.866616      |     0.469679     |     0.115099     |     0.026660     |    0.031587    |       14.74       |
|    65    |     3.872786      |     0.469531     |     0.115048     |     0.025921     |    0.030835    |       14.63       |
------------------------------------------------------------------------------------------------------------------------------
|    66    |     3.819661      |     0.469731     |     0.114880     |     0.027745     |    0.032721    |       15.25       |
|    67    |     3.854709      |     0.469519     |     0.115022     |     0.026964     |    0.031901    |       14.43       |
|    68    |     3.830750      |     0.469346     |     0.114874     |     0.026825     |    0.031754    |       14.64       |
|    69    |     3.829483      |     0.469315     |     0.114728     |     0.027210     |    0.032232    |       14.74       |
|    70    |     3.858391      |     0.470120     |     0.114710     |     0.025418     |    0.030351    |       14.91       |
------------------------------------------------------------------------------------------------------------------------------
|    71    |     3.816505      |     0.469032     |     0.114621     |     0.025488     |    0.030341    |       14.19       |
|    72    |     3.800437      |     0.469086     |     0.114527     |     0.026042     |    0.031104    |       14.72       |
|    73    |     3.825807      |     0.469855     |     0.114562     |     0.026358     |    0.031213    |       15.22       |
|    74    |     3.811941      |     0.470580     |     0.114593     |     0.026183     |    0.031158    |       14.53       |
|    75    |     3.803598      |     0.469036     |     0.114598     |     0.026686     |    0.031712    |       15.13       |
------------------------------------------------------------------------------------------------------------------------------
|    76    |     3.785361      |     0.469539     |     0.114317     |     0.027188     |    0.032156    |       14.57       |
|    77    |     3.786148      |     0.469436     |     0.114445     |     0.026382     |    0.031266    |       15.45       |
|    78    |     3.802582      |     0.469853     |     0.114395     |     0.026605     |    0.031733    |       15.35       |
|    79    |     3.788521      |     0.469758     |     0.114409     |     0.026406     |    0.031351    |       16.08       |
|    80    |     3.790695      |     0.469521     |     0.114439     |     0.026909     |    0.031962    |       14.62       |
------------------------------------------------------------------------------------------------------------------------------
|    81    |     3.768510      |     0.469819     |     0.114340     |     0.025529     |    0.030512    |       14.35       |
|    82    |     3.846670      |     0.469880     |     0.114547     |     0.026690     |    0.031648    |       14.47       |
|    83    |     3.748223      |     0.469274     |     0.114028     |     0.026068     |    0.031009    |       15.11       |
|    84    |     3.786267      |     0.469403     |     0.114362     |     0.026086     |    0.031091    |       14.31       |
|    85    |     3.787148      |     0.469278     |     0.114279     |     0.027412     |    0.032473    |       15.03       |
------------------------------------------------------------------------------------------------------------------------------
|    86    |     3.794392      |     0.468653     |     0.114540     |     0.026035     |    0.031069    |       14.10       |
|    87    |     3.787088      |     0.468699     |     0.114208     |     0.025148     |    0.030096    |       14.25       |
|    88    |     3.774160      |     0.468870     |     0.114343     |     0.025601     |    0.030495    |       14.64       |
|    89    |     3.772376      |     0.470118     |     0.114567     |     0.026039     |    0.031013    |       14.65       |
|    90    |     3.762169      |     0.469494     |     0.114173     |     0.026802     |    0.031777    |       14.95       |
------------------------------------------------------------------------------------------------------------------------------
|    91    |     3.770535      |     0.469030     |     0.114179     |     0.026170     |    0.031115    |       14.88       |
|    92    |     3.798991      |     0.468913     |     0.114253     |     0.026346     |    0.031238    |       14.20       |
|    93    |     3.803266      |     0.469052     |     0.114323     |     0.025644     |    0.030612    |       15.21       |
|    94    |     3.824890      |     0.469428     |     0.114506     |     0.026213     |    0.031267    |       14.78       |
|    95    |     3.778725      |     0.469673     |     0.114524     |     0.026666     |    0.031565    |       15.11       |
------------------------------------------------------------------------------------------------------------------------------
|    96    |     3.772969      |     0.469859     |     0.114430     |     0.026376     |    0.031229    |       15.08       |
|    97    |     3.752639      |     0.469039     |     0.113950     |     0.026587     |    0.031567    |       14.46       |
|    98    |     3.795816      |     0.469538     |     0.114542     |     0.025024     |    0.029941    |       14.51       |
|    99    |     3.800458      |     0.469405     |     0.114483     |     0.025851     |    0.030829    |       15.41       |
|   100    |     3.774934      |     0.468956     |     0.114244     |     0.026292     |    0.031194    |       14.28       |
------------------------------------------------------------------------------------------------------------------------------
