Training Results - Started at: 2025-03-12 23:49:11
Training Completed - Ended at: 2025-03-13 13:32:15
-------------------------------------------------------------------------------------------------------------------------------
|  Epoch   |    Semantic Loss     |     Detail Loss      |      Matte Loss      |         MSE          |         MAD          |
-------------------------------------------------------------------------------------------------------------------------------
|    1     |       44.926790      |       0.725767       |       0.658806       |       0.180545       |       0.206844       |
|    2     |       31.412571      |       0.616881       |       0.439007       |       0.151949       |       0.163658       |
|    3     |       25.874225      |       0.577385       |       0.361770       |       0.142837       |       0.157119       |
|    4     |       25.604923      |       0.568294       |       0.339661       |       0.125598       |       0.141942       |
|    5     |       23.409932      |       0.561030       |       0.321523       |       0.057971       |       0.067149       |
-------------------------------------------------------------------------------------------------------------------------------
|    6     |       19.304083      |       0.541133       |       0.281207       |       0.048199       |       0.054749       |
|    7     |       17.975560      |       0.533859       |       0.262417       |       0.082525       |       0.094870       |
|    8     |       16.896338      |       0.529376       |       0.253483       |       0.144700       |       0.154401       |
|    9     |       15.907566      |       0.523574       |       0.244158       |       0.123790       |       0.134448       |
|    10    |       15.611962      |       0.518858       |       0.232438       |       0.046985       |       0.055725       |
-------------------------------------------------------------------------------------------------------------------------------
|    11    |       13.756894      |       0.512208       |       0.217230       |       0.033288       |       0.039847       |
|    12    |       13.325304      |       0.509380       |       0.212619       |       0.044658       |       0.052639       |
|    13    |       12.857700      |       0.506318       |       0.206701       |       0.149228       |       0.159654       |
|    14    |       12.602474      |       0.506919       |       0.205451       |       0.231726       |       0.244148       |
|    15    |       11.570491      |       0.501305       |       0.195807       |       0.043219       |       0.050302       |
-------------------------------------------------------------------------------------------------------------------------------
|    16    |       11.298758      |       0.498766       |       0.189780       |       0.039525       |       0.046313       |
|    17    |       11.557566      |       0.498972       |       0.190025       |       0.205504       |       0.217339       |
|    18    |       10.193239      |       0.495712       |       0.181833       |       0.051499       |       0.060209       |
|    19    |       9.827821       |       0.492339       |       0.173612       |       0.041460       |       0.049686       |
|    20    |       9.539150       |       0.491933       |       0.172369       |       0.069328       |       0.076151       |
-------------------------------------------------------------------------------------------------------------------------------
|    21    |       9.916876       |       0.491026       |       0.170032       |       0.040644       |       0.048925       |
|    22    |       9.464123       |       0.491783       |       0.170492       |       0.037747       |       0.045556       |
|    23    |       8.430518       |       0.486576       |       0.160132       |       0.036201       |       0.042099       |
|    24    |       8.585886       |       0.486351       |       0.160294       |       0.107130       |       0.117231       |
|    25    |       8.535937       |       0.487903       |       0.165062       |       0.050516       |       0.058064       |
-------------------------------------------------------------------------------------------------------------------------------
|    26    |       6.882363       |       0.481941       |       0.147867       |       0.031783       |       0.037739       |
|    27    |       6.114554       |       0.478363       |       0.137989       |       0.028087       |       0.033996       |
|    28    |       5.818135       |       0.476741       |       0.134523       |       0.027136       |       0.033163       |
|    29    |       5.643940       |       0.476072       |       0.132802       |       0.029759       |       0.035907       |
|    30    |       5.563063       |       0.475504       |       0.131020       |       0.024675       |       0.030420       |
-------------------------------------------------------------------------------------------------------------------------------
|    31    |       5.371197       |       0.474380       |       0.129835       |       0.028548       |       0.034401       |
|    32    |       5.261631       |       0.474542       |       0.129037       |       0.031909       |       0.038032       |
|    33    |       5.210410       |       0.474645       |       0.127449       |       0.030072       |       0.036281       |
|    34    |       5.149123       |       0.473855       |       0.126913       |       0.030485       |       0.036569       |
|    35    |       5.053509       |       0.473657       |       0.126238       |       0.031750       |       0.037816       |
-------------------------------------------------------------------------------------------------------------------------------
|    36    |       4.995841       |       0.473326       |       0.125485       |       0.029886       |       0.035796       |
|    37    |       4.854844       |       0.473001       |       0.124560       |       0.029189       |       0.035274       |
|    38    |       4.824098       |       0.472743       |       0.123649       |       0.027124       |       0.033013       |
|    39    |       4.777050       |       0.472561       |       0.123082       |       0.029589       |       0.035376       |
|    40    |       4.711473       |       0.472384       |       0.122378       |       0.031617       |       0.037297       |
-------------------------------------------------------------------------------------------------------------------------------
|    41    |       4.618410       |       0.471842       |       0.121924       |       0.029608       |       0.035313       |
|    42    |       4.589556       |       0.472221       |       0.121332       |       0.027494       |       0.033143       |
|    43    |       4.551474       |       0.471117       |       0.120544       |       0.030628       |       0.036536       |
|    44    |       4.526149       |       0.471024       |       0.119896       |       0.027679       |       0.033423       |
|    45    |       4.452556       |       0.470673       |       0.119477       |       0.028632       |       0.034414       |
-------------------------------------------------------------------------------------------------------------------------------
|    46    |       4.408401       |       0.471111       |       0.119053       |       0.032310       |       0.038192       |
|    47    |       4.354035       |       0.471209       |       0.118418       |       0.037989       |       0.044320       |
|    48    |       4.304252       |       0.469811       |       0.117490       |       0.036032       |       0.042056       |
|    49    |       4.292861       |       0.470462       |       0.117700       |       0.035363       |       0.041443       |
|    50    |       4.232822       |       0.469839       |       0.116648       |       0.033480       |       0.039252       |
-------------------------------------------------------------------------------------------------------------------------------
|    51    |       4.158445       |       0.469614       |       0.116064       |       0.031585       |       0.037493       |
|    52    |       4.147929       |       0.469066       |       0.115634       |       0.032687       |       0.038524       |
|    53    |       4.111913       |       0.468899       |       0.115637       |       0.033481       |       0.039459       |
|    54    |       4.159210       |       0.468685       |       0.115571       |       0.031666       |       0.037494       |
|    55    |       4.124874       |       0.469363       |       0.115331       |       0.031451       |       0.037182       |
-------------------------------------------------------------------------------------------------------------------------------
|    56    |       4.118673       |       0.468490       |       0.115305       |       0.031834       |       0.037643       |
|    57    |       4.091511       |       0.468818       |       0.115344       |       0.033328       |       0.039210       |
|    58    |       4.087842       |       0.468854       |       0.115082       |       0.032462       |       0.038253       |
|    59    |       4.089345       |       0.469232       |       0.115291       |       0.032890       |       0.038614       |
|    60    |       4.096163       |       0.469086       |       0.115159       |       0.032843       |       0.038741       |
-------------------------------------------------------------------------------------------------------------------------------
|    61    |       4.048143       |       0.469495       |       0.114952       |       0.033465       |       0.039257       |
|    62    |       4.068578       |       0.469177       |       0.114981       |       0.032826       |       0.038594       |
|    63    |       4.075948       |       0.469642       |       0.115113       |       0.036105       |       0.041993       |
|    64    |       4.053522       |       0.469564       |       0.114881       |       0.033939       |       0.039685       |
|    65    |       4.052690       |       0.469795       |       0.115079       |       0.033615       |       0.039302       |
-------------------------------------------------------------------------------------------------------------------------------
|    66    |       4.004632       |       0.468896       |       0.114454       |       0.033992       |       0.039799       |
|    67    |       4.018100       |       0.469601       |       0.114688       |       0.031260       |       0.036938       |
|    68    |       4.057019       |       0.469971       |       0.114977       |       0.030593       |       0.036225       |
|    69    |       4.022503       |       0.468697       |       0.114377       |       0.035404       |       0.041128       |
|    70    |       4.053748       |       0.469018       |       0.114584       |       0.034366       |       0.040058       |
-------------------------------------------------------------------------------------------------------------------------------
|    71    |       4.056948       |       0.468360       |       0.114604       |       0.032295       |       0.038022       |
|    72    |       4.001352       |       0.468214       |       0.114383       |       0.032979       |       0.038685       |
|    73    |       4.003173       |       0.469296       |       0.114454       |       0.035356       |       0.041401       |
|    74    |       4.006362       |       0.468675       |       0.114166       |       0.031261       |       0.037014       |
|    75    |       3.988556       |       0.468753       |       0.114215       |       0.030093       |       0.035676       |
-------------------------------------------------------------------------------------------------------------------------------
|    76    |       4.036317       |       0.468694       |       0.114506       |       0.029918       |       0.035478       |
|    77    |       4.004181       |       0.468577       |       0.114244       |       0.033512       |       0.039263       |
|    78    |       3.996904       |       0.468355       |       0.114257       |       0.032143       |       0.037769       |
|    79    |       4.025230       |       0.468525       |       0.114055       |       0.032698       |       0.038418       |
|    80    |       4.007217       |       0.469168       |       0.114249       |       0.033769       |       0.039380       |
-------------------------------------------------------------------------------------------------------------------------------
|    81    |       3.974862       |       0.468602       |       0.113887       |       0.034172       |       0.039972       |
|    82    |       4.007681       |       0.468689       |       0.114028       |       0.030884       |       0.036501       |
|    83    |       3.979054       |       0.469225       |       0.114205       |       0.033009       |       0.038678       |
|    84    |       3.990183       |       0.468628       |       0.114186       |       0.032116       |       0.037815       |
|    85    |       3.993061       |       0.469106       |       0.114422       |       0.031737       |       0.037434       |
-------------------------------------------------------------------------------------------------------------------------------
|    86    |       3.988844       |       0.467958       |       0.114002       |       0.033186       |       0.039003       |
|    87    |       4.030022       |       0.469303       |       0.114229       |       0.032529       |       0.038406       |
|    88    |       3.986384       |       0.469490       |       0.114392       |       0.032016       |       0.037626       |
|    89    |       4.008816       |       0.468527       |       0.114268       |       0.033431       |       0.039153       |
|    90    |       3.999203       |       0.468856       |       0.113775       |       0.031260       |       0.036980       |
-------------------------------------------------------------------------------------------------------------------------------
|    91    |       3.994325       |       0.468277       |       0.113908       |       0.033176       |       0.038997       |
|    92    |       3.977831       |       0.468391       |       0.113930       |       0.032133       |       0.037805       |
|    93    |       3.975775       |       0.469124       |       0.113989       |       0.030719       |       0.036476       |
|    94    |       4.017277       |       0.468886       |       0.114273       |       0.033227       |       0.038946       |
|    95    |       3.995147       |       0.468442       |       0.114150       |       0.032089       |       0.037818       |
-------------------------------------------------------------------------------------------------------------------------------
|    96    |       3.986531       |       0.469319       |       0.114219       |       0.030866       |       0.036551       |
|    97    |       3.955322       |       0.468393       |       0.114021       |       0.033307       |       0.039136       |
|    98    |       4.021532       |       0.468898       |       0.114190       |       0.030883       |       0.036609       |
|    99    |       4.036683       |       0.469290       |       0.114340       |       0.032214       |       0.037994       |
|    100   |       4.020972       |       0.469290       |       0.114061       |       0.033269       |       0.039059       |
-------------------------------------------------------------------------------------------------------------------------------
