Training Results - Started at: 2025-05-10 22:48:01
Training Completed - Ended at: 2025-05-11 23:49:26
------------------------------------------------------------------------------------------------------------------------------
|  Epoch   |    Semantic Loss  |    Detail Loss   |    Matte Loss    |       MSE        |       MAD      |  Inference Time   |
------------------------------------------------------------------------------------------------------------------------------
|    1     |     41.695060     |     0.720484     |     0.643227     |     0.173148     |    0.194274    |       17.72       |
|    2     |     27.825045     |     0.585793     |     0.391840     |     0.129713     |    0.147261    |       13.72       |
|    3     |     23.198614     |     0.558606     |     0.332204     |     0.140829     |    0.160756    |       13.66       |
|    4     |     20.585610     |     0.544071     |     0.297122     |     0.073875     |    0.085067    |       14.28       |
|    5     |     18.283706     |     0.533134     |     0.269219     |     0.077694     |    0.085678    |       15.18       |
------------------------------------------------------------------------------------------------------------------------------
|    6     |     16.917447     |     0.526742     |     0.252954     |     0.066358     |    0.075814    |       15.16       |
|    7     |     15.600762     |     0.520184     |     0.239852     |     0.102897     |    0.113860    |       13.69       |
|    8     |     14.451741     |     0.515805     |     0.226158     |     0.045829     |    0.052473    |       15.01       |
|    9     |     14.050099     |     0.511268     |     0.216585     |     0.040625     |    0.046233    |       13.95       |
|    10    |     13.169322     |     0.507601     |     0.209100     |     0.035765     |    0.041232    |       14.53       |
------------------------------------------------------------------------------------------------------------------------------
|    11    |     12.238104     |     0.502846     |     0.197443     |     0.064046     |    0.073310    |       14.56       |
|    12    |     12.285464     |     0.499562     |     0.190921     |     0.048552     |    0.054883    |       14.84       |
|    13    |     11.079545     |     0.497183     |     0.184363     |     0.038523     |    0.044588    |       13.55       |
|    14    |     10.604547     |     0.494219     |     0.176121     |     0.044378     |    0.049820    |       13.43       |
|    15    |     10.013658     |     0.491988     |     0.171431     |     0.056728     |    0.062837    |       14.53       |
------------------------------------------------------------------------------------------------------------------------------
|    16    |     9.900925      |     0.490558     |     0.168216     |     0.030714     |    0.035641    |       14.85       |
|    17    |     9.242657      |     0.487128     |     0.160199     |     0.035236     |    0.040051    |       15.27       |
|    18    |     8.698885      |     0.484850     |     0.155115     |     0.029290     |    0.033998    |       13.86       |
|    19    |     8.327531      |     0.482894     |     0.150712     |     0.033682     |    0.038368    |       15.05       |
|    20    |     8.338346      |     0.482140     |     0.148885     |     0.063120     |    0.068678    |       15.31       |
------------------------------------------------------------------------------------------------------------------------------
|    21    |     8.254299      |     0.481384     |     0.147051     |     0.037849     |    0.043032    |       15.24       |
|    22    |     7.833770      |     0.479363     |     0.144914     |     0.026442     |    0.030986    |       14.90       |
|    23    |     7.378098      |     0.476815     |     0.138491     |     0.021615     |    0.025498    |       15.42       |
|    24    |     7.337379      |     0.476406     |     0.136576     |     0.033179     |    0.038128    |       13.96       |
|    25    |     7.079246      |     0.474728     |     0.133840     |     0.024666     |    0.028608    |       15.23       |
------------------------------------------------------------------------------------------------------------------------------
|    26    |     6.039580      |     0.472643     |     0.126470     |     0.025399     |    0.029792    |       14.48       |
|    27    |     5.437050      |     0.469206     |     0.118148     |     0.023904     |    0.028055    |       14.02       |
|    28    |     5.272433      |     0.468270     |     0.116027     |     0.023956     |    0.028136    |       14.87       |
|    29    |     5.122044      |     0.467800     |     0.114578     |     0.024782     |    0.029181    |       14.78       |
|    30    |     4.968038      |     0.467289     |     0.113125     |     0.023450     |    0.027676    |       15.23       |
------------------------------------------------------------------------------------------------------------------------------
|    31    |     4.919082      |     0.466919     |     0.112267     |     0.023294     |    0.027425    |       14.44       |
|    32    |     4.864369      |     0.466755     |     0.111775     |     0.023810     |    0.027950    |       14.72       |
|    33    |     4.812610      |     0.465487     |     0.110614     |     0.021994     |    0.025997    |       14.40       |
|    34    |     4.773293      |     0.465921     |     0.110132     |     0.023041     |    0.027207    |       13.46       |
|    35    |     4.659970      |     0.465681     |     0.109423     |     0.023580     |    0.027710    |       13.78       |
------------------------------------------------------------------------------------------------------------------------------
|    36    |     4.610634      |     0.465896     |     0.109043     |     0.023306     |    0.027464    |       13.60       |
|    37    |     4.578049      |     0.465149     |     0.108252     |     0.023204     |    0.027430    |       14.52       |
|    38    |     4.501628      |     0.464400     |     0.108004     |     0.022184     |    0.026468    |       14.31       |
|    39    |     4.456490      |     0.464511     |     0.107341     |     0.023312     |    0.027542    |       14.77       |
|    40    |     4.450124      |     0.464493     |     0.106794     |     0.022778     |    0.027162    |       14.23       |
------------------------------------------------------------------------------------------------------------------------------
|    41    |     4.435142      |     0.464966     |     0.106712     |     0.024166     |    0.028505    |       14.21       |
|    42    |     4.358134      |     0.463377     |     0.105691     |     0.022189     |    0.026597    |       14.30       |
|    43    |     4.312709      |     0.464450     |     0.105557     |     0.021755     |    0.025876    |       15.14       |
|    44    |     4.289749      |     0.463853     |     0.105194     |     0.021127     |    0.025288    |       14.33       |
|    45    |     4.264493      |     0.463321     |     0.104801     |     0.023132     |    0.027505    |       15.71       |
------------------------------------------------------------------------------------------------------------------------------
|    46    |     4.197816      |     0.464062     |     0.104434     |     0.022809     |    0.027233    |       15.34       |
|    47    |     4.174614      |     0.463112     |     0.103983     |     0.022547     |    0.026578    |       13.69       |
|    48    |     4.153519      |     0.463011     |     0.103505     |     0.021428     |    0.025537    |       14.96       |
|    49    |     4.122443      |     0.462946     |     0.103318     |     0.022515     |    0.026730    |       15.43       |
|    50    |     4.085637      |     0.462862     |     0.102647     |     0.021965     |    0.026244    |       14.21       |
------------------------------------------------------------------------------------------------------------------------------
|    51    |     4.070897      |     0.462347     |     0.102281     |     0.020974     |    0.025224    |       14.72       |
|    52    |     4.027638      |     0.462916     |     0.101981     |     0.021139     |    0.025355    |       15.07       |
|    53    |     4.028842      |     0.463118     |     0.101982     |     0.021655     |    0.025887    |       13.85       |
|    54    |     3.987965      |     0.461827     |     0.101731     |     0.020944     |    0.025124    |       14.92       |
|    55    |     4.034613      |     0.462070     |     0.101658     |     0.021548     |    0.025793    |       13.70       |
------------------------------------------------------------------------------------------------------------------------------
|    56    |     3.980731      |     0.462108     |     0.101518     |     0.020948     |    0.025242    |       14.22       |
|    57    |     4.027141      |     0.461799     |     0.101773     |     0.022278     |    0.026593    |       13.72       |
|    58    |     4.004264      |     0.462275     |     0.101458     |     0.021333     |    0.025535    |       15.15       |
|    59    |     4.011423      |     0.462081     |     0.101574     |     0.021416     |    0.025683    |       14.25       |
|    60    |     4.002422      |     0.462551     |     0.101696     |     0.021157     |    0.025337    |       14.12       |
------------------------------------------------------------------------------------------------------------------------------
|    61    |     4.008704      |     0.461913     |     0.101547     |     0.021669     |    0.025864    |       14.00       |
|    62    |     3.980972      |     0.461848     |     0.101505     |     0.021065     |    0.025202    |       13.90       |
|    63    |     3.959085      |     0.461933     |     0.101340     |     0.021676     |    0.025883    |       14.33       |
|    64    |     3.999677      |     0.462220     |     0.101145     |     0.021698     |    0.025971    |       13.94       |
|    65    |     3.975082      |     0.462179     |     0.101157     |     0.021580     |    0.025911    |       14.81       |
------------------------------------------------------------------------------------------------------------------------------
|    66    |     3.987200      |     0.462302     |     0.101582     |     0.021995     |    0.026328    |       13.91       |
|    67    |     3.974015      |     0.462243     |     0.101215     |     0.021916     |    0.026096    |       14.19       |
|    68    |     3.959875      |     0.462098     |     0.101051     |     0.021994     |    0.026243    |       15.20       |
|    69    |     3.986416      |     0.461496     |     0.101159     |     0.022063     |    0.026474    |       13.96       |
|    70    |     3.971154      |     0.462710     |     0.101103     |     0.020226     |    0.024488    |       15.14       |
------------------------------------------------------------------------------------------------------------------------------
|    71    |     3.965029      |     0.461851     |     0.101013     |     0.021511     |    0.025717    |       15.39       |
|    72    |     3.936441      |     0.461509     |     0.101165     |     0.021504     |    0.025964    |       15.34       |
|    73    |     3.945278      |     0.462002     |     0.101000     |     0.019914     |    0.024088    |       15.20       |
|    74    |     3.930202      |     0.462022     |     0.100931     |     0.021426     |    0.025567    |       13.97       |
|    75    |     3.958323      |     0.461312     |     0.100847     |     0.020633     |    0.024818    |       13.93       |
------------------------------------------------------------------------------------------------------------------------------
|    76    |     3.953469      |     0.461949     |     0.100895     |     0.021457     |    0.025816    |       14.15       |
|    77    |     3.956450      |     0.462352     |     0.101006     |     0.023104     |    0.027659    |       13.74       |
|    78    |     3.941473      |     0.461715     |     0.100858     |     0.024266     |    0.029005    |       13.79       |
|    79    |     3.910525      |     0.462202     |     0.100744     |     0.021428     |    0.025724    |       13.58       |
|    80    |     3.921320      |     0.461188     |     0.100728     |     0.021316     |    0.025672    |       13.77       |
------------------------------------------------------------------------------------------------------------------------------
|    81    |     3.932768      |     0.462096     |     0.100850     |     0.021309     |    0.025526    |       13.67       |
|    82    |     3.957820      |     0.462012     |     0.100872     |     0.021806     |    0.026201    |       13.69       |
|    83    |     3.919125      |     0.461652     |     0.100786     |     0.021979     |    0.026257    |       14.47       |
|    84    |     3.915720      |     0.462028     |     0.100988     |     0.021780     |    0.026043    |       14.30       |
|    85    |     3.949203      |     0.462048     |     0.100861     |     0.021143     |    0.025405    |       14.24       |
------------------------------------------------------------------------------------------------------------------------------
|    86    |     3.913280      |     0.461434     |     0.100726     |     0.021980     |    0.026214    |       15.08       |
|    87    |     3.923283      |     0.461473     |     0.100877     |     0.021797     |    0.025960    |       13.98       |
|    88    |     3.928011      |     0.460993     |     0.100674     |     0.023036     |    0.027574    |       14.02       |
|    89    |     3.909110      |     0.461847     |     0.100607     |     0.021887     |    0.026131    |       15.12       |
|    90    |     3.918007      |     0.462246     |     0.100878     |     0.022327     |    0.026697    |       14.23       |
------------------------------------------------------------------------------------------------------------------------------
|    91    |     3.941653      |     0.461535     |     0.100938     |     0.021666     |    0.025895    |       15.01       |
|    92    |     3.928089      |     0.461390     |     0.100650     |     0.021367     |    0.025643    |       13.76       |
|    93    |     3.938822      |     0.461869     |     0.100880     |     0.022073     |    0.026454    |       14.59       |
|    94    |     3.937004      |     0.461356     |     0.100697     |     0.021735     |    0.026113    |       13.98       |
|    95    |     3.952501      |     0.462321     |     0.100902     |     0.021271     |    0.025468    |       13.84       |
------------------------------------------------------------------------------------------------------------------------------
|    96    |     3.932828      |     0.461678     |     0.100690     |     0.020535     |    0.024810    |       14.16       |
|    97    |     3.889184      |     0.461373     |     0.100669     |     0.020904     |    0.025004    |       13.95       |
|    98    |     3.922987      |     0.461810     |     0.100656     |     0.021189     |    0.025355    |       15.07       |
|    99    |     3.923249      |     0.461746     |     0.100713     |     0.021884     |    0.026251    |       13.96       |
|   100    |     3.914808      |     0.461900     |     0.100668     |     0.021317     |    0.025515    |       13.87       |
------------------------------------------------------------------------------------------------------------------------------
推理时长平均13.94s
最短推理速度：13.43s
最好结果的推理时间：15.2s
MSE平均值: 0.031292
MAD平均值: 0.036451