Training Results - Started at: 2025-03-27 13:37:52
Training Completed - Ended at: 2025-03-28 03:44:29
-------------------------------------------------------------------------------------------------------------------------------
|  Epoch   |    Semantic Loss     |     Detail Loss      |      Matte Loss      |         MSE          |         MAD          |
-------------------------------------------------------------------------------------------------------------------------------
|    1     |       41.922001      |       0.700673       |       0.618233       |       0.096890       |       0.107524       |
|    2     |       28.093311      |       0.593120       |       0.390351       |       0.145796       |       0.161572       |
|    3     |       23.358842      |       0.563276       |       0.328901       |       0.175267       |       0.191875       |
|    4     |       20.974430      |       0.546609       |       0.295092       |       0.078609       |       0.091170       |
|    5     |       18.886157      |       0.535468       |       0.269271       |       0.076125       |       0.084269       |
-------------------------------------------------------------------------------------------------------------------------------
|    6     |       17.342340      |       0.527222       |       0.254379       |       0.051471       |       0.060528       |
|    7     |       15.853873      |       0.518117       |       0.231020       |       0.056455       |       0.063701       |
|    8     |       15.284525      |       0.513240       |       0.222026       |       0.046127       |       0.052525       |
|    9     |       14.036271      |       0.507853       |       0.210886       |       0.042061       |       0.048934       |
|    10    |       12.710526      |       0.502480       |       0.197931       |       0.077918       |       0.087932       |
-------------------------------------------------------------------------------------------------------------------------------
|    11    |       12.156724      |       0.501293       |       0.194697       |       0.055027       |       0.062795       |
|    12    |       11.328014      |       0.495441       |       0.182260       |       0.031520       |       0.036668       |
|    13    |       11.122654      |       0.494507       |       0.179120       |       0.034961       |       0.041080       |
|    14    |       9.963634       |       0.489847       |       0.169418       |       0.044713       |       0.053379       |
|    15    |       9.925862       |       0.487940       |       0.163841       |       0.032539       |       0.037732       |
-------------------------------------------------------------------------------------------------------------------------------
|    16    |       9.642181       |       0.487341       |       0.161183       |       0.156638       |       0.173256       |
|    17    |       8.721203       |       0.485375       |       0.158077       |       0.047681       |       0.054538       |
|    18    |       8.163245       |       0.481205       |       0.149402       |       0.059982       |       0.067931       |
|    19    |       8.004315       |       0.480025       |       0.144054       |       0.030934       |       0.035838       |
|    20    |       7.032765       |       0.477457       |       0.138357       |       0.021493       |       0.025918       |
-------------------------------------------------------------------------------------------------------------------------------
|    21    |       6.906174       |       0.475483       |       0.132794       |       0.041270       |       0.047106       |
|    22    |       6.691783       |       0.475130       |       0.132853       |       0.028010       |       0.033534       |
|    23    |       6.729316       |       0.472393       |       0.128075       |       0.032154       |       0.037567       |
|    24    |       6.660903       |       0.473945       |       0.132899       |       0.042849       |       0.048303       |
|    25    |       6.356535       |       0.471666       |       0.126953       |       0.027574       |       0.033019       |
-------------------------------------------------------------------------------------------------------------------------------
|    26    |       5.212367       |       0.468304       |       0.118802       |       0.022258       |       0.026950       |
|    27    |       4.496509       |       0.465582       |       0.110479       |       0.022842       |       0.027554       |
|    28    |       4.265194       |       0.464552       |       0.108094       |       0.021527       |       0.026166       |
|    29    |       4.084653       |       0.464113       |       0.106620       |       0.022288       |       0.026979       |
|    30    |       3.983358       |       0.463551       |       0.105398       |       0.021311       |       0.026073       |
-------------------------------------------------------------------------------------------------------------------------------
|    31    |       3.883664       |       0.462797       |       0.104147       |       0.021087       |       0.025711       |
|    32    |       3.810896       |       0.462464       |       0.103311       |       0.022138       |       0.026951       |
|    33    |       3.677372       |       0.462346       |       0.102521       |       0.021738       |       0.026631       |
|    34    |       3.662547       |       0.462092       |       0.101896       |       0.020720       |       0.025394       |
|    35    |       3.593403       |       0.461829       |       0.101246       |       0.021545       |       0.026341       |
-------------------------------------------------------------------------------------------------------------------------------
|    36    |       3.531084       |       0.461340       |       0.100631       |       0.022008       |       0.026915       |
|    37    |       3.489346       |       0.460969       |       0.099920       |       0.022444       |       0.027292       |
|    38    |       3.469924       |       0.460855       |       0.099528       |       0.020480       |       0.025150       |
|    39    |       3.396530       |       0.459855       |       0.098903       |       0.023160       |       0.027920       |
|    40    |       3.331841       |       0.460181       |       0.098678       |       0.022546       |       0.027444       |
-------------------------------------------------------------------------------------------------------------------------------
|    41    |       3.323036       |       0.460614       |       0.097871       |       0.022335       |       0.027205       |
|    42    |       3.258473       |       0.459935       |       0.097721       |       0.021501       |       0.026415       |
|    43    |       3.262526       |       0.459704       |       0.097152       |       0.021233       |       0.026010       |
|    44    |       3.179602       |       0.459663       |       0.096838       |       0.023218       |       0.028383       |
|    45    |       3.150429       |       0.459463       |       0.096533       |       0.022437       |       0.027187       |
-------------------------------------------------------------------------------------------------------------------------------
|    46    |       3.114996       |       0.459227       |       0.095709       |       0.022704       |       0.027618       |
|    47    |       3.090073       |       0.459110       |       0.095487       |       0.021970       |       0.026861       |
|    48    |       3.080916       |       0.459134       |       0.095231       |       0.022254       |       0.027102       |
|    49    |       3.013640       |       0.458594       |       0.094883       |       0.021697       |       0.026457       |
|    50    |       2.983429       |       0.458924       |       0.094357       |       0.022166       |       0.026898       |
-------------------------------------------------------------------------------------------------------------------------------
|    51    |       2.953089       |       0.457760       |       0.093737       |       0.022148       |       0.026948       |
|    52    |       2.943479       |       0.457958       |       0.093664       |       0.022034       |       0.026841       |
|    53    |       2.922839       |       0.457764       |       0.093451       |       0.022586       |       0.027424       |
|    54    |       2.915286       |       0.458332       |       0.093636       |       0.021884       |       0.026669       |
|    55    |       2.923524       |       0.458755       |       0.093644       |       0.021695       |       0.026578       |
-------------------------------------------------------------------------------------------------------------------------------
|    56    |       2.907656       |       0.457447       |       0.093036       |       0.021349       |       0.026096       |
|    57    |       2.896474       |       0.458210       |       0.093459       |       0.021832       |       0.026626       |
|    58    |       2.885168       |       0.457874       |       0.093170       |       0.020119       |       0.024805       |
|    59    |       2.903053       |       0.458013       |       0.093375       |       0.021553       |       0.026406       |
|    60    |       2.904785       |       0.457695       |       0.093413       |       0.021933       |       0.026717       |
-------------------------------------------------------------------------------------------------------------------------------
|    61    |       2.888757       |       0.457306       |       0.093122       |       0.022486       |       0.027351       |
|    62    |       2.898814       |       0.457206       |       0.093271       |       0.022121       |       0.026998       |
|    63    |       2.909360       |       0.458015       |       0.093182       |       0.021766       |       0.026586       |
|    64    |       2.876970       |       0.457093       |       0.093040       |       0.022234       |       0.027097       |
|    65    |       2.886169       |       0.457369       |       0.093088       |       0.021959       |       0.026829       |
-------------------------------------------------------------------------------------------------------------------------------
|    66    |       2.879734       |       0.457519       |       0.093038       |       0.020930       |       0.025716       |
|    67    |       2.869839       |       0.457804       |       0.093078       |       0.022678       |       0.027527       |
|    68    |       2.883122       |       0.457681       |       0.093009       |       0.021709       |       0.026509       |
|    69    |       2.862882       |       0.458103       |       0.092871       |       0.021703       |       0.026531       |
|    70    |       2.854812       |       0.457714       |       0.092719       |       0.021250       |       0.026053       |
-------------------------------------------------------------------------------------------------------------------------------
|    71    |       2.862073       |       0.458141       |       0.092934       |       0.022394       |       0.027367       |
|    72    |       2.844355       |       0.458069       |       0.092667       |       0.021372       |       0.026097       |
|    73    |       2.866581       |       0.458416       |       0.093102       |       0.021059       |       0.025832       |
|    74    |       2.830077       |       0.457626       |       0.092830       |       0.021315       |       0.026114       |
|    75    |       2.840774       |       0.458168       |       0.092602       |       0.021336       |       0.026047       |
-------------------------------------------------------------------------------------------------------------------------------
|    76    |       2.842513       |       0.458551       |       0.092808       |       0.021473       |       0.026238       |
|    77    |       2.848353       |       0.457407       |       0.092559       |       0.021861       |       0.026658       |
|    78    |       2.841915       |       0.457626       |       0.092503       |       0.021721       |       0.026586       |
|    79    |       2.852625       |       0.457056       |       0.092761       |       0.021324       |       0.026128       |
|    80    |       2.852846       |       0.456927       |       0.092569       |       0.021765       |       0.026553       |
-------------------------------------------------------------------------------------------------------------------------------
|    81    |       2.846747       |       0.457880       |       0.092633       |       0.021199       |       0.025954       |
|    82    |       2.840686       |       0.457515       |       0.092591       |       0.020919       |       0.025666       |
|    83    |       2.835674       |       0.457450       |       0.092595       |       0.020582       |       0.025229       |
|    84    |       2.862969       |       0.457377       |       0.092633       |       0.021060       |       0.025822       |
|    85    |       2.842574       |       0.457483       |       0.092764       |       0.020828       |       0.025563       |
-------------------------------------------------------------------------------------------------------------------------------
|    86    |       2.852182       |       0.457174       |       0.092619       |       0.020833       |       0.025636       |
|    87    |       2.844695       |       0.457352       |       0.092513       |       0.021562       |       0.026326       |
|    88    |       2.827890       |       0.457955       |       0.092696       |       0.021226       |       0.025958       |
|    89    |       2.831233       |       0.457507       |       0.092425       |       0.021480       |       0.026257       |
|    90    |       2.849550       |       0.457502       |       0.092547       |       0.021638       |       0.026470       |
-------------------------------------------------------------------------------------------------------------------------------
|    91    |       2.833768       |       0.457952       |       0.092661       |       0.021077       |       0.025876       |
|    92    |       2.831981       |       0.457415       |       0.092626       |       0.021552       |       0.026367       |
|    93    |       2.830637       |       0.457747       |       0.092480       |       0.021788       |       0.026583       |
|    94    |       2.834563       |       0.456846       |       0.092605       |       0.021263       |       0.026102       |
|    95    |       2.841319       |       0.458048       |       0.092623       |       0.021991       |       0.026852       |
-------------------------------------------------------------------------------------------------------------------------------
|    96    |       2.810907       |       0.458212       |       0.092623       |       0.021269       |       0.026045       |
|    97    |       2.835361       |       0.457331       |       0.092549       |       0.021207       |       0.026018       |
|    98    |       2.846460       |       0.457820       |       0.092558       |       0.021373       |       0.026185       |
|    99    |       2.834199       |       0.457170       |       0.092425       |       0.021659       |       0.026420       |
|    100   |       2.825091       |       0.457293       |       0.092586       |       0.021282       |       0.026089       |
-------------------------------------------------------------------------------------------------------------------------------
