Training Results - Started at: 2025-05-09 18:42:37
Training Completed - Ended at: 2025-05-10 12:19:46
------------------------------------------------------------------------------------------------------------------------------
|  Epoch   |    Semantic Loss  |    Detail Loss   |    Matte Loss    |       MSE        |       MAD      |  Inference Time   |
------------------------------------------------------------------------------------------------------------------------------
|    1     |     41.947620     |     0.724037     |     0.627617     |     0.202758     |    0.226956    |       14.70       |
|    2     |     26.576182     |     0.612198     |     0.403798     |     0.166317     |    0.178677    |       15.24       |
|    3     |     22.318077     |     0.580219     |     0.341282     |     0.092110     |    0.104649    |       14.47       |
|    4     |     19.521840     |     0.559549     |     0.306586     |     0.153335     |    0.168341    |       15.08       |
|    5     |     17.339857     |     0.542987     |     0.272985     |     0.055837     |    0.063756    |       15.21       |
------------------------------------------------------------------------------------------------------------------------------
|    6     |     15.421580     |     0.531166     |     0.246316     |     0.096958     |    0.110381    |       14.33       |
|    7     |     14.504912     |     0.524460     |     0.235352     |     0.049288     |    0.055848    |       14.02       |
|    8     |     12.988592     |     0.519400     |     0.223097     |     0.149601     |    0.159054    |       14.57       |
|    9     |     11.889894     |     0.512310     |     0.208034     |     0.071902     |    0.079863    |       16.06       |
|    10    |     11.753068     |     0.508726     |     0.202824     |     0.059462     |    0.065408    |       14.32       |
------------------------------------------------------------------------------------------------------------------------------
|    11    |     10.967588     |     0.504663     |     0.192986     |     0.033420     |    0.038553    |       14.35       |
|    12    |     10.055484     |     0.500638     |     0.184071     |     0.038180     |    0.044790    |       14.37       |
|    13    |     9.043354      |     0.496914     |     0.174212     |     0.030603     |    0.035337    |       14.09       |
|    14    |     8.497027      |     0.494268     |     0.169624     |     0.039735     |    0.046275    |       14.42       |
|    15    |     8.106644      |     0.490270     |     0.160959     |     0.035218     |    0.041950    |       15.92       |
------------------------------------------------------------------------------------------------------------------------------
|    16    |     7.782453      |     0.487813     |     0.156022     |     0.033997     |    0.038602    |       15.74       |
|    17    |     7.523876      |     0.486688     |     0.152733     |     0.035972     |    0.042710    |       15.08       |
|    18    |     7.081827      |     0.485323     |     0.150320     |     0.081464     |    0.090658    |       15.50       |
|    19    |     6.307227      |     0.482123     |     0.142150     |     0.035242     |    0.040512    |       15.18       |
|    20    |     6.191676      |     0.479478     |     0.136986     |     0.057401     |    0.063029    |       13.72       |
------------------------------------------------------------------------------------------------------------------------------
|    21    |     6.173280      |     0.478124     |     0.135028     |     0.053524     |    0.060511    |       13.94       |
|    22    |     5.986873      |     0.477380     |     0.134614     |     0.029211     |    0.034094    |       14.43       |
|    23    |     5.524095      |     0.475415     |     0.130370     |     0.031921     |    0.037359    |       15.08       |
|    24    |     5.504745      |     0.476149     |     0.130597     |     0.031130     |    0.036512    |       13.91       |
|    25    |     5.494109      |     0.472250     |     0.125057     |     0.163445     |    0.175974    |       14.11       |
------------------------------------------------------------------------------------------------------------------------------
|    26    |     5.244905      |     0.473171     |     0.128920     |     0.019167     |    0.023446    |       13.69       |
|    27    |     4.140575      |     0.468403     |     0.114031     |     0.019325     |    0.023659    |       14.74       |
|    28    |     3.797293      |     0.467150     |     0.110846     |     0.019075     |    0.023350    |       13.69       |
|    29    |     3.610283      |     0.466640     |     0.108888     |     0.019653     |    0.024061    |       14.93       |
|    30    |     3.569087      |     0.465982     |     0.107677     |     0.019884     |    0.024315    |       15.45       |
------------------------------------------------------------------------------------------------------------------------------
|    31    |     3.447542      |     0.465323     |     0.106382     |     0.020594     |    0.025041    |       14.25       |
|    32    |     3.330469      |     0.465731     |     0.105422     |     0.018525     |    0.022838    |       14.34       |
|    33    |     3.251267      |     0.464809     |     0.104581     |     0.019250     |    0.023481    |       14.17       |
|    34    |     3.176598      |     0.463605     |     0.103814     |     0.019120     |    0.023490    |       14.10       |
|    35    |     3.181775      |     0.463961     |     0.103249     |     0.019340     |    0.023554    |       15.56       |
------------------------------------------------------------------------------------------------------------------------------
|    36    |     3.105691      |     0.464095     |     0.102718     |     0.019530     |    0.023744    |       14.07       |
|    37    |     3.040829      |     0.463373     |     0.101985     |     0.018692     |    0.022917    |       15.47       |
|    38    |     3.006388      |     0.462677     |     0.101528     |     0.018599     |    0.022813    |       15.00       |
|    39    |     2.969926      |     0.462288     |     0.101034     |     0.019351     |    0.023645    |       14.00       |
|    40    |     2.941638      |     0.463176     |     0.100509     |     0.018414     |    0.022695    |       14.18       |
------------------------------------------------------------------------------------------------------------------------------
|    41    |     2.893480      |     0.463030     |     0.100131     |     0.018996     |    0.023124    |       15.69       |
|    42    |     2.874605      |     0.462536     |     0.099645     |     0.019785     |    0.023992    |       14.26       |
|    43    |     2.836181      |     0.462184     |     0.099386     |     0.020162     |    0.024516    |       14.40       |
|    44    |     2.806469      |     0.461953     |     0.098888     |     0.019830     |    0.024234    |       14.25       |
|    45    |     2.782860      |     0.461670     |     0.098464     |     0.018298     |    0.022398    |       14.29       |
------------------------------------------------------------------------------------------------------------------------------
|    46    |     2.767311      |     0.462012     |     0.098256     |     0.020064     |    0.024260    |       13.99       |
|    47    |     2.709529      |     0.461682     |     0.097788     |     0.019472     |    0.023692    |       15.58       |
|    48    |     2.692012      |     0.461620     |     0.097246     |     0.018884     |    0.023093    |       14.37       |
|    49    |     2.686055      |     0.460402     |     0.097095     |     0.019623     |    0.023913    |       13.72       |
|    50    |     2.634341      |     0.460754     |     0.096733     |     0.019598     |    0.023994    |       14.67       |
------------------------------------------------------------------------------------------------------------------------------
|    51    |     2.583208      |     0.460490     |     0.096216     |     0.018883     |    0.023134    |       14.15       |
|    52    |     2.588362      |     0.460976     |     0.096188     |     0.019196     |    0.023435    |       15.22       |
|    53    |     2.605143      |     0.460348     |     0.096113     |     0.018490     |    0.022676    |       14.48       |
|    54    |     2.580156      |     0.460081     |     0.095827     |     0.018562     |    0.022701    |       14.14       |
|    55    |     2.562534      |     0.459841     |     0.095641     |     0.018975     |    0.023222    |       15.28       |
------------------------------------------------------------------------------------------------------------------------------
|    56    |     2.570205      |     0.460114     |     0.095740     |     0.018946     |    0.023225    |       15.59       |
|    57    |     2.567589      |     0.460577     |     0.095702     |     0.019211     |    0.023421    |       15.70       |
|    58    |     2.557790      |     0.460105     |     0.095599     |     0.019591     |    0.023856    |       13.90       |
|    59    |     2.541474      |     0.460691     |     0.095583     |     0.018723     |    0.022936    |       14.18       |
|    60    |     2.562728      |     0.459606     |     0.095415     |     0.018820     |    0.023053    |       15.22       |
------------------------------------------------------------------------------------------------------------------------------
|    61    |     2.548240      |     0.460408     |     0.095361     |     0.018568     |    0.022821    |       14.52       |
|    62    |     2.541400      |     0.460036     |     0.095605     |     0.018857     |    0.023099    |       14.06       |
|    63    |     2.559586      |     0.459721     |     0.095436     |     0.019499     |    0.023674    |       13.85       |
|    64    |     2.540734      |     0.460437     |     0.095361     |     0.019268     |    0.023413    |       14.29       |
|    65    |     2.535231      |     0.460459     |     0.095337     |     0.019044     |    0.023158    |       13.96       |
------------------------------------------------------------------------------------------------------------------------------
|    66    |     2.515985      |     0.460142     |     0.095304     |     0.019291     |    0.023491    |       14.20       |
|    67    |     2.508103      |     0.460269     |     0.095152     |     0.018792     |    0.022971    |       15.62       |
|    68    |     2.514942      |     0.459724     |     0.095132     |     0.019048     |    0.023248    |       14.22       |
|    69    |     2.532815      |     0.460056     |     0.095122     |     0.018464     |    0.022657    |       15.19       |
|    70    |     2.520699      |     0.459726     |     0.095047     |     0.018831     |    0.022996    |       14.29       |
------------------------------------------------------------------------------------------------------------------------------
|    71    |     2.537861      |     0.459864     |     0.095183     |     0.018635     |    0.022837    |       13.85       |
|    72    |     2.485870      |     0.459381     |     0.095103     |     0.018781     |    0.023014    |       15.08       |
|    73    |     2.496198      |     0.459688     |     0.094938     |     0.019211     |    0.023341    |       14.57       |
|    74    |     2.535439      |     0.460587     |     0.095298     |     0.018253     |    0.022372    |       13.95       |
|    75    |     2.507612      |     0.459822     |     0.094880     |     0.018510     |    0.022729    |       14.64       |
------------------------------------------------------------------------------------------------------------------------------
|    76    |     2.493373      |     0.459999     |     0.094667     |     0.019012     |    0.023224    |       14.03       |
|    77    |     2.514619      |     0.460073     |     0.094921     |     0.018693     |    0.022935    |       13.93       |
|    78    |     2.524692      |     0.459709     |     0.095007     |     0.019460     |    0.023784    |       14.07       |
|    79    |     2.483439      |     0.459710     |     0.094905     |     0.018666     |    0.022777    |       14.17       |
|    80    |     2.514277      |     0.459951     |     0.095008     |     0.018325     |    0.022462    |       13.97       |
------------------------------------------------------------------------------------------------------------------------------
|    81    |     2.490437      |     0.460215     |     0.094945     |     0.018613     |    0.022840    |       13.98       |
|    82    |     2.487214      |     0.460241     |     0.094981     |     0.019543     |    0.023796    |       15.51       |
|    83    |     2.484230      |     0.460173     |     0.094980     |     0.019795     |    0.024189    |       14.40       |
|    84    |     2.497052      |     0.460529     |     0.095007     |     0.018813     |    0.023040    |       14.78       |
|    85    |     2.511312      |     0.459789     |     0.094953     |     0.018641     |    0.022801    |       15.39       |
------------------------------------------------------------------------------------------------------------------------------
|    86    |     2.508937      |     0.459359     |     0.094900     |     0.018533     |    0.022790    |       14.10       |
|    87    |     2.488735      |     0.460136     |     0.094836     |     0.018882     |    0.023115    |       15.27       |
|    88    |     2.511751      |     0.460565     |     0.094912     |     0.019101     |    0.023397    |       13.95       |
|    89    |     2.467999      |     0.460075     |     0.094823     |     0.019108     |    0.023335    |       13.99       |
|    90    |     2.482344      |     0.459141     |     0.094609     |     0.018375     |    0.022558    |       14.37       |
------------------------------------------------------------------------------------------------------------------------------
|    91    |     2.499045      |     0.459790     |     0.094768     |     0.018833     |    0.023019    |       14.32       |
|    92    |     2.515177      |     0.461043     |     0.095086     |     0.018814     |    0.022872    |       15.41       |
|    93    |     2.487522      |     0.459740     |     0.094774     |     0.018795     |    0.022998    |       15.84       |
|    94    |     2.495484      |     0.460459     |     0.095005     |     0.019347     |    0.023637    |       13.94       |
|    95    |     2.490439      |     0.460807     |     0.094848     |     0.018756     |    0.023005    |       13.79       |
------------------------------------------------------------------------------------------------------------------------------
|    96    |     2.462223      |     0.459770     |     0.094791     |     0.018572     |    0.022767    |       13.87       |
|    97    |     2.483991      |     0.460749     |     0.094967     |     0.019056     |    0.023301    |       15.31       |
|    98    |     2.486680      |     0.459327     |     0.094990     |     0.018914     |    0.023105    |       14.74       |
|    99    |     2.483780      |     0.459512     |     0.094857     |     0.019091     |    0.023298    |       14.78       |
|   100    |     2.476131      |     0.459217     |     0.094506     |     0.019230     |    0.023482    |       13.90       |
------------------------------------------------------------------------------------------------------------------------------
平均时长14.1s
MSE平均值: 0.032567
MAD平均值: 0.037861