Training Results - Started at: 2025-08-08 22:08:46
Training Completed - Ended at: 2025-08-09 17:42:41
------------------------------------------------------------------------------------------------------------------------------
|  Epoch   |    Semantic Loss  |    Detail Loss   |    Matte Loss    |       MSE        |       MAD      |  Inference Time   |
------------------------------------------------------------------------------------------------------------------------------
|    1     |     41.768128     |     0.699462     |     0.596659     |     0.222717     |    0.239299    |       17.26       |
|    2     |     25.735949     |     0.581763     |     0.366239     |     0.090561     |    0.105700    |       15.15       |
|    3     |     20.109273     |     0.547246     |     0.292919     |     0.054234     |    0.063304    |       13.87       |
|    4     |     16.916559     |     0.532172     |     0.259854     |     0.049802     |    0.057052    |       14.66       |
|    5     |     14.991707     |     0.521160     |     0.235601     |     0.165126     |    0.178915    |       14.71       |
------------------------------------------------------------------------------------------------------------------------------
|    6     |     14.011697     |     0.513246     |     0.219546     |     0.180691     |    0.192942    |       14.01       |
|    7     |     13.433275     |     0.512067     |     0.222006     |     0.178257     |    0.190547    |       14.40       |
|    8     |     11.647699     |     0.504946     |     0.203143     |     0.082265     |    0.093868    |       14.61       |
|    9     |     10.663578     |     0.498817     |     0.186723     |     0.074392     |    0.082876    |       14.58       |
|    10    |     9.703086      |     0.494577     |     0.175568     |     0.188787     |    0.197769    |       14.82       |
------------------------------------------------------------------------------------------------------------------------------
|    11    |     9.344503      |     0.492866     |     0.173470     |     0.053506     |    0.062461    |       14.93       |
|    12    |     8.774019      |     0.490235     |     0.166662     |     0.082056     |    0.090585    |       14.90       |
|    13    |     8.636533      |     0.487099     |     0.158997     |     0.032827     |    0.038242    |       14.93       |
|    14    |     7.726556      |     0.486010     |     0.156404     |     0.049272     |    0.055961    |       14.94       |
|    15    |     7.399404      |     0.483380     |     0.148543     |     0.027860     |    0.033170    |       15.01       |
------------------------------------------------------------------------------------------------------------------------------
|    16    |     7.839134      |     0.482716     |     0.150584     |     0.033209     |    0.038767    |       14.12       |
|    17    |     7.322790      |     0.481750     |     0.148157     |     0.040654     |    0.046354    |       14.56       |
|    18    |     6.720331      |     0.478528     |     0.139946     |     0.036361     |    0.041973    |       14.10       |
|    19    |     6.385764      |     0.479831     |     0.143456     |     0.044994     |    0.051441    |       14.00       |
|    20    |     6.016728      |     0.474787     |     0.131369     |     0.097024     |    0.107625    |       14.65       |
------------------------------------------------------------------------------------------------------------------------------
|    21    |     5.703360      |     0.475334     |     0.130957     |     0.039330     |    0.045559    |       15.04       |
|    22    |     5.437569      |     0.472961     |     0.126247     |     0.020232     |    0.024729    |       15.43       |
|    23    |     5.002497      |     0.471143     |     0.122478     |     0.020310     |    0.025085    |       14.12       |
|    24    |     5.058668      |     0.469555     |     0.120407     |     0.024218     |    0.028833    |       14.96       |
|    25    |     4.481367      |     0.468620     |     0.116211     |     0.037194     |    0.042589    |       14.73       |
------------------------------------------------------------------------------------------------------------------------------
|    26    |     3.775473      |     0.464997     |     0.109692     |     0.021370     |    0.025781    |       14.39       |
|    27    |     3.372432      |     0.462878     |     0.103773     |     0.019917     |    0.024300    |       14.70       |
|    28    |     3.240583      |     0.462275     |     0.102157     |     0.019809     |    0.024202    |       14.27       |
|    29    |     3.127658      |     0.462409     |     0.100878     |     0.021285     |    0.025649    |       15.22       |
|    30    |     3.074412      |     0.461656     |     0.100352     |     0.021283     |    0.025567    |       14.17       |
------------------------------------------------------------------------------------------------------------------------------
|    31    |     2.992388      |     0.461280     |     0.099459     |     0.021149     |    0.025620    |       14.74       |
|    32    |     2.968730      |     0.461529     |     0.098753     |     0.021474     |    0.025963    |       14.35       |
|    33    |     2.925278      |     0.461096     |     0.098477     |     0.021838     |    0.026287    |       14.34       |
|    34    |     2.845573      |     0.460299     |     0.097701     |     0.022204     |    0.026606    |       14.79       |
|    35    |     2.823586      |     0.460117     |     0.097077     |     0.022281     |    0.026649    |       14.84       |
------------------------------------------------------------------------------------------------------------------------------
|    36    |     2.752831      |     0.460052     |     0.096641     |     0.021894     |    0.026264    |       14.54       |
|    37    |     2.778338      |     0.459956     |     0.096370     |     0.024236     |    0.028699    |       14.35       |
|    38    |     2.724566      |     0.459835     |     0.096627     |     0.022345     |    0.026844    |       14.34       |
|    39    |     2.703784      |     0.459594     |     0.095609     |     0.021250     |    0.025729    |       14.95       |
|    40    |     2.652523      |     0.460304     |     0.095244     |     0.021382     |    0.025876    |       14.57       |
------------------------------------------------------------------------------------------------------------------------------
|    41    |     2.643278      |     0.458948     |     0.094808     |     0.020789     |    0.025385    |       14.68       |
|    42    |     2.586333      |     0.459063     |     0.094326     |     0.021090     |    0.025730    |       14.81       |
|    43    |     2.576801      |     0.458248     |     0.094027     |     0.022313     |    0.026728    |       15.39       |
|    44    |     2.532379      |     0.458808     |     0.093472     |     0.022120     |    0.026622    |       15.21       |
|    45    |     2.527741      |     0.458858     |     0.093260     |     0.022529     |    0.026950    |       15.12       |
------------------------------------------------------------------------------------------------------------------------------
|    46    |     2.469229      |     0.459094     |     0.093087     |     0.020888     |    0.025303    |       14.61       |
|    47    |     2.472272      |     0.458581     |     0.092848     |     0.021263     |    0.025720    |       15.37       |
|    48    |     2.424862      |     0.457278     |     0.092297     |     0.021934     |    0.026315    |       15.20       |
|    49    |     2.425590      |     0.457727     |     0.091926     |     0.022367     |    0.026720    |       14.92       |
|    50    |     2.428389      |     0.458123     |     0.092111     |     0.021444     |    0.025817    |       14.83       |
------------------------------------------------------------------------------------------------------------------------------
|    51    |     2.364955      |     0.457018     |     0.091171     |     0.021077     |    0.025400    |       15.18       |
|    52    |     2.353080      |     0.457280     |     0.091018     |     0.021546     |    0.025892    |       14.72       |
|    53    |     2.339437      |     0.457752     |     0.091092     |     0.021348     |    0.025715    |       14.57       |
|    54    |     2.333391      |     0.457036     |     0.091015     |     0.021178     |    0.025571    |       14.56       |
|    55    |     2.347638      |     0.457700     |     0.090978     |     0.021684     |    0.026107    |       14.39       |
------------------------------------------------------------------------------------------------------------------------------
|    56    |     2.348164      |     0.457470     |     0.090997     |     0.021833     |    0.026185    |       14.13       |
|    57    |     2.310303      |     0.458091     |     0.090949     |     0.022135     |    0.026523    |       14.40       |
|    58    |     2.324004      |     0.457311     |     0.090898     |     0.021995     |    0.026386    |       14.38       |
|    59    |     2.322240      |     0.457327     |     0.090782     |     0.021957     |    0.026271    |       14.44       |
|    60    |     2.283437      |     0.457645     |     0.090662     |     0.021575     |    0.026003    |       14.35       |
------------------------------------------------------------------------------------------------------------------------------
|    61    |     2.322866      |     0.457188     |     0.090786     |     0.021902     |    0.026287    |       14.41       |
|    62    |     2.314945      |     0.457400     |     0.090844     |     0.022449     |    0.026772    |       14.85       |
|    63    |     2.314835      |     0.456805     |     0.090610     |     0.021583     |    0.025967    |       14.20       |
|    64    |     2.294216      |     0.457359     |     0.090535     |     0.021839     |    0.026164    |       14.69       |
|    65    |     2.312857      |     0.457091     |     0.090532     |     0.022054     |    0.026396    |       14.29       |
------------------------------------------------------------------------------------------------------------------------------
|    66    |     2.294300      |     0.457531     |     0.090701     |     0.021803     |    0.026148    |       14.50       |
|    67    |     2.292962      |     0.456835     |     0.090413     |     0.021575     |    0.025922    |       14.99       |
|    68    |     2.324752      |     0.457068     |     0.090484     |     0.022360     |    0.026700    |       14.50       |
|    69    |     2.282089      |     0.457030     |     0.090234     |     0.022297     |    0.026608    |       14.64       |
|    70    |     2.281370      |     0.456806     |     0.090295     |     0.022097     |    0.026446    |       14.39       |
------------------------------------------------------------------------------------------------------------------------------
|    71    |     2.296149      |     0.457304     |     0.090378     |     0.022561     |    0.026906    |       14.50       |
|    72    |     2.291287      |     0.456291     |     0.090193     |     0.021790     |    0.026157    |       14.39       |
|    73    |     2.290237      |     0.457092     |     0.090222     |     0.022408     |    0.026732    |       14.44       |
|    74    |     2.247243      |     0.456713     |     0.090215     |     0.022229     |    0.026609    |       14.52       |
|    75    |     2.288292      |     0.456632     |     0.090214     |     0.022578     |    0.026915    |       14.96       |
------------------------------------------------------------------------------------------------------------------------------
|    76    |     2.274951      |     0.456780     |     0.090013     |     0.022256     |    0.026668    |       14.35       |
|    77    |     2.283557      |     0.457124     |     0.090115     |     0.022704     |    0.027045    |       14.22       |
|    78    |     2.283357      |     0.456990     |     0.090281     |     0.021946     |    0.026295    |       14.53       |
|    79    |     2.296830      |     0.456441     |     0.090169     |     0.022373     |    0.026701    |       14.72       |
|    80    |     2.267413      |     0.456555     |     0.090213     |     0.021649     |    0.026098    |       14.22       |
------------------------------------------------------------------------------------------------------------------------------
|    81    |     2.281158      |     0.456363     |     0.090186     |     0.022557     |    0.026866    |       14.62       |
|    82    |     2.260307      |     0.456769     |     0.090033     |     0.022395     |    0.026770    |       14.72       |
|    83    |     2.274585      |     0.456715     |     0.090109     |     0.022438     |    0.026822    |       14.96       |
|    84    |     2.259580      |     0.456733     |     0.090099     |     0.022387     |    0.026682    |       14.87       |
|    85    |     2.284108      |     0.456657     |     0.090076     |     0.021967     |    0.026383    |       14.51       |
------------------------------------------------------------------------------------------------------------------------------
|    86    |     2.295866      |     0.456827     |     0.090280     |     0.022085     |    0.026517    |       14.55       |
|    87    |     2.274503      |     0.457121     |     0.090213     |     0.022079     |    0.026431    |       14.57       |
|    88    |     2.281184      |     0.456647     |     0.090122     |     0.022155     |    0.026551    |       14.72       |
|    89    |     2.278122      |     0.456076     |     0.090248     |     0.022154     |    0.026527    |       14.88       |
|    90    |     2.278972      |     0.457204     |     0.090017     |     0.021711     |    0.026045    |       14.50       |
------------------------------------------------------------------------------------------------------------------------------
|    91    |     2.280661      |     0.456662     |     0.090090     |     0.022535     |    0.026896    |       14.95       |
|    92    |     2.259715      |     0.456899     |     0.090272     |     0.021959     |    0.026336    |       14.59       |
|    93    |     2.274490      |     0.456241     |     0.090074     |     0.022227     |    0.026539    |       14.43       |
|    94    |     2.253815      |     0.456706     |     0.089894     |     0.022054     |    0.026446    |       14.41       |
|    95    |     2.274548      |     0.457019     |     0.089981     |     0.022066     |    0.026435    |       14.41       |
------------------------------------------------------------------------------------------------------------------------------
|    96    |     2.254882      |     0.456898     |     0.090150     |     0.022271     |    0.026618    |       14.53       |
|    97    |     2.258331      |     0.456842     |     0.090022     |     0.021460     |    0.025862    |       14.66       |
|    98    |     2.271385      |     0.456600     |     0.090060     |     0.022402     |    0.026702    |       14.44       |
|    99    |     2.254802      |     0.456955     |     0.089846     |     0.022313     |    0.026596    |       14.90       |
|   100    |     2.279227      |     0.456618     |     0.090193     |     0.022731     |    0.027108    |       14.94       |
------------------------------------------------------------------------------------------------------------------------------
