Training Results - Started at: 2025-06-09 16:31:48
Training Completed - Ended at: 2025-06-09 22:22:36
------------------------------------------------------------------------------------------------------------------------------
|  Epoch   |    Semantic Loss  |    Detail Loss   |    Matte Loss    |       MSE        |       MAD      |  Inference Time   |
------------------------------------------------------------------------------------------------------------------------------
|    1     |     38.519738     |     0.549357     |     0.603047     |     0.163842     |    0.181997    |       15.76       |
|    2     |     24.944020     |     0.339779     |     0.349741     |     0.114395     |    0.126403    |       14.74       |
|    3     |     21.093502     |     0.294539     |     0.297714     |     0.144517     |    0.155768    |       14.04       |
|    4     |     18.377372     |     0.268140     |     0.266187     |     0.265366     |    0.280559    |       14.68       |
|    5     |     16.023972     |     0.246526     |     0.242384     |     0.083291     |    0.096696    |       15.02       |
------------------------------------------------------------------------------------------------------------------------------
|    6     |     14.419477     |     0.230074     |     0.222810     |     0.069742     |    0.080737    |       13.67       |
|    7     |     13.314196     |     0.218010     |     0.208943     |     0.304416     |    0.325241    |       13.83       |
|    8     |     13.126445     |     0.212044     |     0.203485     |     0.109567     |    0.126135    |       14.82       |
|    9     |     12.281385     |     0.202776     |     0.192712     |     0.042732     |    0.050616    |       14.74       |
|    10    |     11.907467     |     0.200096     |     0.190030     |     0.039432     |    0.047486    |       14.45       |
------------------------------------------------------------------------------------------------------------------------------
|    11    |     10.159941     |     0.194012     |     0.181430     |     0.032499     |    0.039040    |       13.99       |
|    12    |     8.737893      |     0.183381     |     0.165921     |     0.030210     |    0.036706    |       13.70       |
|    13    |     8.206283      |     0.180289     |     0.161490     |     0.031090     |    0.037238    |       14.99       |
|    14    |     7.811342      |     0.176850     |     0.157451     |     0.030151     |    0.036007    |       13.72       |
|    15    |     7.530109      |     0.174895     |     0.154765     |     0.028872     |    0.034363    |       14.57       |
------------------------------------------------------------------------------------------------------------------------------
|    16    |     7.380516      |     0.173037     |     0.152527     |     0.028658     |    0.034433    |       14.48       |
|    17    |     7.235770      |     0.171373     |     0.150561     |     0.027092     |    0.032382    |       14.28       |
|    18    |     6.982574      |     0.169899     |     0.148655     |     0.027771     |    0.033140    |       15.00       |
|    19    |     6.819965      |     0.168526     |     0.147088     |     0.031917     |    0.038263    |       14.52       |
|    20    |     6.647499      |     0.166985     |     0.145236     |     0.028546     |    0.033750    |       13.88       |
------------------------------------------------------------------------------------------------------------------------------
|    21    |     6.489044      |     0.165797     |     0.143884     |     0.030337     |    0.036245    |       14.37       |
|    22    |     6.429320      |     0.165308     |     0.143085     |     0.028786     |    0.034364    |       14.02       |
|    23    |     6.406780      |     0.164814     |     0.142504     |     0.028948     |    0.034656    |       15.00       |
|    24    |     6.385640      |     0.164692     |     0.142586     |     0.029257     |    0.034883    |       14.10       |
|    25    |     6.361856      |     0.164959     |     0.142562     |     0.029120     |    0.034790    |       15.02       |
------------------------------------------------------------------------------------------------------------------------------
|    26    |     6.342870      |     0.164627     |     0.142233     |     0.028487     |    0.034140    |       15.25       |
|    27    |     6.268899      |     0.164518     |     0.141896     |     0.030730     |    0.036911    |       15.12       |
|    28    |     6.256889      |     0.163956     |     0.141272     |     0.029011     |    0.034865    |       15.24       |
|    29    |     6.268475      |     0.164149     |     0.141541     |     0.029206     |    0.035021    |       14.06       |
|    30    |     6.218874      |     0.163981     |     0.141305     |     0.029435     |    0.035335    |       14.13       |
------------------------------------------------------------------------------------------------------------------------------
|    31    |     6.221832      |     0.164160     |     0.141397     |     0.030401     |    0.036651    |       14.50       |
|    32    |     6.238752      |     0.163866     |     0.141216     |     0.029067     |    0.034891    |       15.10       |
|    33    |     6.271582      |     0.163946     |     0.141167     |     0.029294     |    0.035042    |       14.95       |
|    34    |     6.254219      |     0.163892     |     0.141168     |     0.028376     |    0.034056    |       14.07       |
|    35    |     6.260096      |     0.163621     |     0.141065     |     0.028797     |    0.034522    |       14.60       |
------------------------------------------------------------------------------------------------------------------------------
|    36    |     6.225916      |     0.163949     |     0.141048     |     0.029977     |    0.035918    |       14.35       |
|    37    |     6.250648      |     0.163873     |     0.141073     |     0.029813     |    0.035841    |       14.61       |
|    38    |     6.256385      |     0.163746     |     0.141062     |     0.029328     |    0.035337    |       14.26       |
|    39    |     6.209522      |     0.163727     |     0.140994     |     0.027556     |    0.032996    |       13.77       |
|    40    |     6.243147      |     0.163799     |     0.141249     |     0.030398     |    0.036378    |       14.21       |
------------------------------------------------------------------------------------------------------------------------------
