Training Results - Started at: 2025-07-07 14:59:03
Training Completed - Ended at: 2025-07-08 08:06:14
------------------------------------------------------------------------------------------------------------------------------
|  Epoch   |    Semantic Loss  |    Detail Loss   |    Matte Loss    |       MSE        |       MAD      |  Inference Time   |
------------------------------------------------------------------------------------------------------------------------------
|    1     |     39.466458     |     0.706308     |     0.617212     |     0.169500     |    0.191643    |       16.79       |
|    2     |     25.937042     |     0.584147     |     0.380607     |     0.073496     |    0.088641    |       15.54       |
|    3     |     21.145097     |     0.556353     |     0.317759     |     0.133162     |    0.150729    |       14.37       |
|    4     |     18.920353     |     0.541689     |     0.288007     |     0.062733     |    0.071987    |       14.79       |
|    5     |     17.013176     |     0.530220     |     0.259375     |     0.047568     |    0.055321    |       15.23       |
------------------------------------------------------------------------------------------------------------------------------
|    6     |     15.292040     |     0.522147     |     0.238682     |     0.131161     |    0.147376    |       14.35       |
|    7     |     14.139206     |     0.515970     |     0.227118     |     0.176748     |    0.191333    |       14.99       |
|    8     |     13.472001     |     0.511977     |     0.218451     |     0.085058     |    0.098323    |       15.30       |
|    9     |     12.020439     |     0.504483     |     0.199069     |     0.155962     |    0.171219    |       14.86       |
|    10    |     11.216427     |     0.499183     |     0.186335     |     0.045136     |    0.053023    |       15.40       |
------------------------------------------------------------------------------------------------------------------------------
|    11    |     10.858556     |     0.496683     |     0.182674     |     0.103581     |    0.115318    |       15.47       |
|    12    |     10.274345     |     0.496122     |     0.180527     |     0.033396     |    0.039344    |       15.18       |
|    13    |     8.917248      |     0.489172     |     0.162341     |     0.039654     |    0.046667    |       14.62       |
|    14    |     9.010628      |     0.486777     |     0.158895     |     0.037666     |    0.043097    |       14.38       |
|    15    |     8.061437      |     0.483300     |     0.150605     |     0.029586     |    0.034849    |       13.61       |
------------------------------------------------------------------------------------------------------------------------------
|    16    |     8.131507      |     0.481894     |     0.148472     |     0.036287     |    0.041308    |       14.81       |
|    17    |     7.800681      |     0.480313     |     0.144093     |     0.032570     |    0.037715    |       14.66       |
|    18    |     7.191452      |     0.478391     |     0.138634     |     0.027935     |    0.032703    |       14.78       |
|    19    |     7.381967      |     0.476716     |     0.136090     |     0.034851     |    0.040745    |       15.51       |
|    20    |     6.777780      |     0.476244     |     0.135677     |     0.027200     |    0.031860    |       14.15       |
------------------------------------------------------------------------------------------------------------------------------
|    21    |     6.797247      |     0.473937     |     0.129764     |     0.025236     |    0.029824    |       15.32       |
|    22    |     6.110448      |     0.473046     |     0.130992     |     0.024888     |    0.029573    |       13.94       |
|    23    |     5.379880      |     0.468757     |     0.119079     |     0.022531     |    0.026843    |       15.36       |
|    24    |     5.132671      |     0.466214     |     0.114513     |     0.026723     |    0.031067    |       13.88       |
|    25    |     5.237809      |     0.466774     |     0.114036     |     0.028131     |    0.032679    |       15.66       |
------------------------------------------------------------------------------------------------------------------------------
|    26    |     4.802503      |     0.466065     |     0.112284     |     0.024075     |    0.028406    |       14.29       |
|    27    |     4.183291      |     0.462438     |     0.104521     |     0.023914     |    0.028147    |       14.99       |
|    28    |     4.033375      |     0.461905     |     0.102203     |     0.024205     |    0.028622    |       15.28       |
|    29    |     3.873980      |     0.461648     |     0.100738     |     0.023409     |    0.027747    |       13.82       |
|    30    |     3.747212      |     0.461399     |     0.099333     |     0.023642     |    0.027993    |       15.31       |
------------------------------------------------------------------------------------------------------------------------------
|    31    |     3.712508      |     0.460473     |     0.098380     |     0.024714     |    0.029184    |       14.08       |
|    32    |     3.635536      |     0.460093     |     0.097608     |     0.026040     |    0.030533    |       15.46       |
|    33    |     3.597850      |     0.458559     |     0.097024     |     0.023166     |    0.027695    |       14.54       |
|    34    |     3.565845      |     0.459293     |     0.096582     |     0.024368     |    0.028839    |       15.28       |
|    35    |     3.481606      |     0.459056     |     0.095893     |     0.024327     |    0.028821    |       13.75       |
------------------------------------------------------------------------------------------------------------------------------
|    36    |     3.459403      |     0.459496     |     0.095753     |     0.023774     |    0.028283    |       13.97       |
|    37    |     3.432149      |     0.459057     |     0.095064     |     0.025946     |    0.030403    |       15.04       |
|    38    |     3.389612      |     0.458199     |     0.094661     |     0.024017     |    0.028420    |       15.14       |
|    39    |     3.343697      |     0.458531     |     0.094210     |     0.023501     |    0.027890    |       13.65       |
|    40    |     3.328250      |     0.458168     |     0.093755     |     0.022555     |    0.026951    |       13.76       |
------------------------------------------------------------------------------------------------------------------------------
|    41    |     3.295601      |     0.458561     |     0.093369     |     0.023154     |    0.027601    |       13.93       |
|    42    |     3.273899      |     0.457842     |     0.093067     |     0.021910     |    0.026358    |       15.42       |
|    43    |     3.227425      |     0.458078     |     0.092503     |     0.023307     |    0.027773    |       15.23       |
|    44    |     3.215920      |     0.457785     |     0.092362     |     0.023085     |    0.027588    |       13.62       |
|    45    |     3.190426      |     0.457669     |     0.091951     |     0.021816     |    0.026173    |       13.88       |
------------------------------------------------------------------------------------------------------------------------------
|    46    |     3.147309      |     0.457262     |     0.091724     |     0.023124     |    0.027594    |       13.80       |
|    47    |     3.141522      |     0.456854     |     0.091379     |     0.023167     |    0.027663    |       15.11       |
|    48    |     3.132458      |     0.457290     |     0.091297     |     0.021390     |    0.025706    |       13.88       |
|    49    |     3.084798      |     0.456543     |     0.090513     |     0.023371     |    0.027821    |       15.29       |
|    50    |     3.095432      |     0.456862     |     0.090661     |     0.022579     |    0.027042    |       14.01       |
------------------------------------------------------------------------------------------------------------------------------
|    51    |     3.050093      |     0.456309     |     0.089975     |     0.023105     |    0.027664    |       15.52       |
|    52    |     3.023630      |     0.456041     |     0.089888     |     0.022729     |    0.027154    |       14.14       |
|    53    |     3.041760      |     0.456291     |     0.089816     |     0.022651     |    0.027057    |       14.66       |
|    54    |     3.013143      |     0.456405     |     0.089758     |     0.021850     |    0.026287    |       15.21       |
|    55    |     3.026134      |     0.456609     |     0.089695     |     0.022089     |    0.026684    |       14.81       |
------------------------------------------------------------------------------------------------------------------------------
|    56    |     2.982699      |     0.456674     |     0.089555     |     0.022044     |    0.026516    |       14.34       |
|    57    |     3.037734      |     0.456076     |     0.089583     |     0.022912     |    0.027389    |       14.09       |
|    58    |     3.025405      |     0.455878     |     0.089502     |     0.023992     |    0.028633    |       14.94       |
|    59    |     2.992021      |     0.455659     |     0.089443     |     0.021857     |    0.026300    |       14.65       |
|    60    |     3.003710      |     0.455925     |     0.089412     |     0.023782     |    0.028302    |       14.60       |
------------------------------------------------------------------------------------------------------------------------------
|    61    |     3.029551      |     0.455864     |     0.089498     |     0.022114     |    0.026547    |       13.71       |
|    62    |     2.976459      |     0.455654     |     0.089279     |     0.022859     |    0.027301    |       14.62       |
|    63    |     2.974885      |     0.455699     |     0.089315     |     0.022504     |    0.026908    |       13.72       |
|    64    |     2.988336      |     0.456044     |     0.089145     |     0.023355     |    0.027823    |       13.84       |
|    65    |     2.985799      |     0.456103     |     0.089340     |     0.021968     |    0.026395    |       14.27       |
------------------------------------------------------------------------------------------------------------------------------
|    66    |     2.998280      |     0.456232     |     0.089261     |     0.021948     |    0.026393    |       14.60       |
|    67    |     2.988510      |     0.456028     |     0.089292     |     0.022224     |    0.026669    |       15.14       |
|    68    |     2.972783      |     0.455862     |     0.089170     |     0.022588     |    0.027077    |       15.16       |
|    69    |     2.987366      |     0.455807     |     0.089116     |     0.022458     |    0.026894    |       15.09       |
|    70    |     3.001105      |     0.456689     |     0.089233     |     0.022302     |    0.026759    |       14.27       |
------------------------------------------------------------------------------------------------------------------------------
|    71    |     2.977441      |     0.455613     |     0.088988     |     0.022886     |    0.027409    |       14.50       |
|    72    |     2.954643      |     0.455705     |     0.089030     |     0.024885     |    0.029393    |       14.83       |
|    73    |     2.974150      |     0.456462     |     0.089048     |     0.022613     |    0.027078    |       15.10       |
|    74    |     2.966081      |     0.457062     |     0.089030     |     0.023416     |    0.027947    |       13.94       |
|    75    |     2.961852      |     0.455544     |     0.089016     |     0.022584     |    0.027084    |       13.85       |
------------------------------------------------------------------------------------------------------------------------------
|    76    |     2.961543      |     0.456078     |     0.088878     |     0.022228     |    0.026636    |       13.96       |
|    77    |     2.966507      |     0.456014     |     0.088943     |     0.022271     |    0.026715    |       14.67       |
|    78    |     2.968856      |     0.456406     |     0.089001     |     0.023390     |    0.027964    |       14.14       |
|    79    |     2.943169      |     0.456295     |     0.088983     |     0.022947     |    0.027394    |       13.89       |
|    80    |     2.969182      |     0.456143     |     0.089003     |     0.023637     |    0.028150    |       14.80       |
------------------------------------------------------------------------------------------------------------------------------
|    81    |     2.949581      |     0.456391     |     0.088915     |     0.021957     |    0.026457    |       14.65       |
|    82    |     2.956092      |     0.456501     |     0.089020     |     0.021716     |    0.026054    |       14.20       |
|    83    |     2.955511      |     0.455981     |     0.088931     |     0.021873     |    0.026286    |       14.28       |
|    84    |     2.972740      |     0.456126     |     0.089069     |     0.021759     |    0.026219    |       15.10       |
|    85    |     2.979339      |     0.455895     |     0.088996     |     0.023179     |    0.027731    |       15.24       |
------------------------------------------------------------------------------------------------------------------------------
|    86    |     2.940555      |     0.455277     |     0.089096     |     0.023452     |    0.027913    |       14.11       |
|    87    |     2.956213      |     0.455304     |     0.088923     |     0.022329     |    0.026806    |       15.63       |
|    88    |     2.962903      |     0.455521     |     0.088988     |     0.022077     |    0.026496    |       14.52       |
|    89    |     2.967929      |     0.456587     |     0.088902     |     0.022179     |    0.026576    |       14.02       |
|    90    |     2.969543      |     0.456282     |     0.089124     |     0.021574     |    0.025948    |       13.76       |
------------------------------------------------------------------------------------------------------------------------------
|    91    |     2.958913      |     0.455666     |     0.088946     |     0.021968     |    0.026467    |       14.57       |
|    92    |     2.979610      |     0.455543     |     0.088999     |     0.022465     |    0.026937    |       14.00       |
|    93    |     2.971370      |     0.455628     |     0.089026     |     0.022806     |    0.027332    |       14.44       |
|    94    |     2.964763      |     0.455981     |     0.088967     |     0.022514     |    0.026995    |       14.22       |
|    95    |     2.999957      |     0.456316     |     0.089077     |     0.022443     |    0.026980    |       15.38       |
------------------------------------------------------------------------------------------------------------------------------
|    96    |     2.974203      |     0.456472     |     0.089190     |     0.022262     |    0.026727    |       13.88       |
|    97    |     2.930148      |     0.455845     |     0.088946     |     0.022913     |    0.027571    |       15.15       |
|    98    |     2.961225      |     0.455961     |     0.088832     |     0.023564     |    0.028107    |       14.85       |
|    99    |     2.953311      |     0.455792     |     0.088753     |     0.022918     |    0.027419    |       14.10       |
|   100    |     2.964910      |     0.455651     |     0.089027     |     0.022036     |    0.026470    |       14.61       |
------------------------------------------------------------------------------------------------------------------------------
