Training Results - Started at: 2025-08-09 21:53:26
Training Completed - Ended at: 2025-08-10 15:31:36
------------------------------------------------------------------------------------------------------------------------------
|  Epoch   |    Semantic Loss  |    Detail Loss   |    Matte Loss    |       MSE        |       MAD      |  Inference Time   |
------------------------------------------------------------------------------------------------------------------------------
|    1     |     41.243365     |     0.707609     |     0.617247     |     0.165130     |    0.179621    |       17.10       |
|    2     |     25.796293     |     0.585004     |     0.375322     |     0.196834     |    0.216708    |       14.78       |
|    3     |     21.819307     |     0.551375     |     0.307284     |     0.232632     |    0.243282    |       15.30       |
|    4     |     18.673722     |     0.537002     |     0.276006     |     0.106803     |    0.118608    |       14.97       |
|    5     |     16.380649     |     0.524974     |     0.247804     |     0.083712     |    0.093643    |       14.93       |
------------------------------------------------------------------------------------------------------------------------------
|    6     |     15.041068     |     0.516843     |     0.229578     |     0.147329     |    0.158409    |       16.19       |
|    7     |     13.826049     |     0.510358     |     0.216865     |     0.050736     |    0.058209    |       14.78       |
|    8     |     12.857821     |     0.505646     |     0.207977     |     0.054163     |    0.062484    |       15.51       |
|    9     |     11.755680     |     0.497757     |     0.189056     |     0.070113     |    0.081564    |       15.28       |
|    10    |     10.958535     |     0.494331     |     0.181289     |     0.035873     |    0.041912    |       14.66       |
------------------------------------------------------------------------------------------------------------------------------
|    11    |     10.677390     |     0.491570     |     0.174126     |     0.052654     |    0.059996    |       14.72       |
|    12    |     9.921952      |     0.489958     |     0.169107     |     0.164075     |    0.181911    |       15.19       |
|    13    |     9.065313      |     0.485654     |     0.159770     |     0.116450     |    0.129739    |       16.89       |
|    14    |     8.212434      |     0.482557     |     0.153015     |     0.040957     |    0.047331    |       15.15       |
|    15    |     8.247028      |     0.480707     |     0.149420     |     0.031906     |    0.037052    |       15.43       |
------------------------------------------------------------------------------------------------------------------------------
|    16    |     8.001981      |     0.478357     |     0.143993     |     0.026252     |    0.031639    |       15.30       |
|    17    |     7.254139      |     0.476765     |     0.137686     |     0.031706     |    0.036745    |       16.07       |
|    18    |     6.930832      |     0.476315     |     0.138044     |     0.063961     |    0.069243    |       15.69       |
|    19    |     6.842995      |     0.475006     |     0.134622     |     0.030092     |    0.036077    |       15.46       |
|    20    |     6.365531      |     0.472891     |     0.128109     |     0.030674     |    0.035799    |       15.23       |
------------------------------------------------------------------------------------------------------------------------------
|    21    |     6.562530      |     0.472098     |     0.131280     |     0.026652     |    0.031879    |       15.39       |
|    22    |     5.551644      |     0.469747     |     0.124118     |     0.023264     |    0.027577    |       15.35       |
|    23    |     5.288018      |     0.467233     |     0.117979     |     0.077288     |    0.087059    |       15.34       |
|    24    |     6.716513      |     0.472108     |     0.132776     |     0.237279     |    0.249907    |       14.87       |
|    25    |     5.400083      |     0.468469     |     0.123296     |     0.028508     |    0.033345    |       14.79       |
------------------------------------------------------------------------------------------------------------------------------
|    26    |     4.636708      |     0.464825     |     0.113811     |     0.024413     |    0.029489    |       15.28       |
|    27    |     3.888190      |     0.462093     |     0.104582     |     0.023617     |    0.028515    |       14.99       |
|    28    |     3.634728      |     0.460275     |     0.102237     |     0.025439     |    0.030360    |       15.24       |
|    29    |     3.499969      |     0.460313     |     0.100544     |     0.027290     |    0.032242    |       15.74       |
|    30    |     3.408424      |     0.459604     |     0.099729     |     0.022366     |    0.026968    |       15.20       |
------------------------------------------------------------------------------------------------------------------------------
|    31    |     3.322243      |     0.459353     |     0.098568     |     0.023952     |    0.028608    |       15.51       |
|    32    |     3.193888      |     0.458696     |     0.097557     |     0.023983     |    0.028774    |       15.42       |
|    33    |     3.150446      |     0.459104     |     0.097049     |     0.024706     |    0.029772    |       15.29       |
|    34    |     3.079005      |     0.457527     |     0.096251     |     0.022080     |    0.026740    |       15.03       |
|    35    |     3.072132      |     0.458464     |     0.096016     |     0.023944     |    0.028690    |       15.16       |
------------------------------------------------------------------------------------------------------------------------------
|    36    |     2.977465      |     0.458151     |     0.095073     |     0.024226     |    0.028935    |       15.23       |
|    37    |     2.966115      |     0.457390     |     0.094656     |     0.024363     |    0.028997    |       15.41       |
|    38    |     2.890454      |     0.457037     |     0.094140     |     0.022154     |    0.026691    |       16.67       |
|    39    |     2.875853      |     0.456433     |     0.094077     |     0.024040     |    0.028696    |       15.32       |
|    40    |     2.820989      |     0.456520     |     0.093182     |     0.022602     |    0.027131    |       15.17       |
------------------------------------------------------------------------------------------------------------------------------
|    41    |     2.783096      |     0.457201     |     0.093018     |     0.023492     |    0.028228    |       15.16       |
|    42    |     2.763365      |     0.456666     |     0.092749     |     0.022455     |    0.026990    |       15.19       |
|    43    |     2.731417      |     0.457018     |     0.092349     |     0.024707     |    0.029514    |       16.40       |
|    44    |     2.680853      |     0.456722     |     0.091811     |     0.022284     |    0.026842    |       15.21       |
|    45    |     2.663694      |     0.456019     |     0.091409     |     0.022997     |    0.027619    |       15.24       |
------------------------------------------------------------------------------------------------------------------------------
|    46    |     2.644534      |     0.456873     |     0.091186     |     0.022210     |    0.026777    |       15.52       |
|    47    |     2.627024      |     0.456776     |     0.090714     |     0.025002     |    0.029723    |       15.11       |
|    48    |     2.622291      |     0.455340     |     0.090550     |     0.025901     |    0.030635    |       15.41       |
|    49    |     2.554611      |     0.455015     |     0.090067     |     0.024820     |    0.029464    |       15.57       |
|    50    |     2.569346      |     0.455392     |     0.089887     |     0.023503     |    0.028173    |       16.11       |
------------------------------------------------------------------------------------------------------------------------------
|    51    |     2.530433      |     0.454884     |     0.089362     |     0.024880     |    0.029618    |       15.50       |
|    52    |     2.469422      |     0.454904     |     0.089243     |     0.023675     |    0.028328    |       15.13       |
|    53    |     2.479552      |     0.455584     |     0.089144     |     0.025269     |    0.030077    |       15.31       |
|    54    |     2.461711      |     0.454806     |     0.088915     |     0.026030     |    0.030783    |       15.17       |
|    55    |     2.478253      |     0.455083     |     0.088915     |     0.024455     |    0.029187    |       14.75       |
------------------------------------------------------------------------------------------------------------------------------
|    56    |     2.470824      |     0.454800     |     0.088889     |     0.025168     |    0.029907    |       15.22       |
|    57    |     2.455392      |     0.455023     |     0.088972     |     0.026025     |    0.030795    |       15.45       |
|    58    |     2.437230      |     0.454862     |     0.088728     |     0.024995     |    0.029687    |       15.65       |
|    59    |     2.478039      |     0.455612     |     0.088782     |     0.024688     |    0.029382    |       14.98       |
|    60    |     2.447203      |     0.454964     |     0.088737     |     0.024896     |    0.029633    |       15.05       |
------------------------------------------------------------------------------------------------------------------------------
|    61    |     2.448555      |     0.455359     |     0.088862     |     0.024029     |    0.028711    |       15.34       |
|    62    |     2.423387      |     0.455162     |     0.088657     |     0.024988     |    0.029676    |       14.98       |
|    63    |     2.437934      |     0.455055     |     0.088656     |     0.024749     |    0.029503    |       15.25       |
|    64    |     2.439092      |     0.455159     |     0.088419     |     0.024269     |    0.028914    |       14.97       |
|    65    |     2.435664      |     0.454193     |     0.088336     |     0.025673     |    0.030429    |       14.52       |
------------------------------------------------------------------------------------------------------------------------------
|    66    |     2.434714      |     0.454606     |     0.088532     |     0.025898     |    0.030596    |       14.55       |
|    67    |     2.432529      |     0.454874     |     0.088515     |     0.025862     |    0.030581    |       15.39       |
|    68    |     2.423091      |     0.455633     |     0.088433     |     0.026302     |    0.031135    |       15.06       |
|    69    |     2.400071      |     0.454841     |     0.088308     |     0.025092     |    0.029827    |       14.65       |
|    70    |     2.407229      |     0.455106     |     0.088324     |     0.026568     |    0.031269    |       14.90       |
------------------------------------------------------------------------------------------------------------------------------
|    71    |     2.428544      |     0.454678     |     0.088428     |     0.024919     |    0.029648    |       15.04       |
|    72    |     2.407711      |     0.454546     |     0.088291     |     0.025200     |    0.029898    |       14.82       |
|    73    |     2.432989      |     0.454857     |     0.088436     |     0.025784     |    0.030579    |       14.71       |
|    74    |     2.409514      |     0.454865     |     0.088209     |     0.026622     |    0.031300    |       14.76       |
|    75    |     2.390925      |     0.455198     |     0.088360     |     0.024606     |    0.029279    |       15.10       |
------------------------------------------------------------------------------------------------------------------------------
|    76    |     2.389964      |     0.454707     |     0.088252     |     0.024872     |    0.029610    |       17.33       |
|    77    |     2.377896      |     0.455480     |     0.087935     |     0.026553     |    0.031255    |       14.94       |
|    78    |     2.424945      |     0.455159     |     0.088313     |     0.025659     |    0.030378    |       14.76       |
|    79    |     2.416057      |     0.454861     |     0.088354     |     0.025520     |    0.030313    |       14.74       |
|    80    |     2.399765      |     0.454834     |     0.088266     |     0.025962     |    0.030788    |       15.22       |
------------------------------------------------------------------------------------------------------------------------------
|    81    |     2.398589      |     0.454870     |     0.088062     |     0.024439     |    0.029154    |       15.01       |
|    82    |     2.392689      |     0.454574     |     0.088099     |     0.024770     |    0.029459    |       14.92       |
|    83    |     2.396521      |     0.454817     |     0.088103     |     0.025042     |    0.029795    |       14.46       |
|    84    |     2.360746      |     0.454745     |     0.088060     |     0.026840     |    0.031601    |       15.11       |
|    85    |     2.397470      |     0.454900     |     0.087967     |     0.026311     |    0.030964    |       15.03       |
------------------------------------------------------------------------------------------------------------------------------
|    86    |     2.417052      |     0.454984     |     0.088332     |     0.026066     |    0.030753    |       15.83       |
|    87    |     2.392218      |     0.453980     |     0.087971     |     0.024775     |    0.029464    |       14.94       |
|    88    |     2.391879      |     0.454029     |     0.088051     |     0.025858     |    0.030535    |       14.89       |
|    89    |     2.390547      |     0.454872     |     0.088060     |     0.025001     |    0.029726    |       15.05       |
|    90    |     2.391645      |     0.455439     |     0.088273     |     0.025795     |    0.030594    |       15.06       |
------------------------------------------------------------------------------------------------------------------------------
|    91    |     2.390544      |     0.455268     |     0.088167     |     0.025047     |    0.029789    |       15.28       |
|    92    |     2.395704      |     0.455548     |     0.088195     |     0.025044     |    0.029681    |       14.96       |
|    93    |     2.416532      |     0.454437     |     0.088141     |     0.024892     |    0.029596    |       15.01       |
|    94    |     2.396523      |     0.454558     |     0.087987     |     0.025374     |    0.030096    |       15.76       |
|    95    |     2.372167      |     0.454575     |     0.088155     |     0.025417     |    0.030099    |       15.11       |
------------------------------------------------------------------------------------------------------------------------------
|    96    |     2.370691      |     0.454334     |     0.088175     |     0.027211     |    0.031967    |       15.09       |
|    97    |     2.401979      |     0.455021     |     0.088159     |     0.023824     |    0.028557    |       14.85       |
|    98    |     2.408734      |     0.454289     |     0.088175     |     0.025801     |    0.030459    |       14.98       |
|    99    |     2.397293      |     0.454790     |     0.088124     |     0.024380     |    0.029043    |       15.20       |
|   100    |     2.384406      |     0.455171     |     0.088055     |     0.025432     |    0.030114    |       14.58       |
------------------------------------------------------------------------------------------------------------------------------
