Training Results - Started at: 2025-04-03 02:00:08
Training Completed - Ended at: 2025-04-03 16:21:16
-------------------------------------------------------------------------------------------------------------------------------
|  Epoch   |    Semantic Loss     |     Detail Loss      |      Matte Loss      |         MSE          |         MAD          |
-------------------------------------------------------------------------------------------------------------------------------
|    1     |       44.758632      |       0.712977       |       0.643612       |       0.115845       |       0.130235       |
|    2     |       29.562490      |       0.589091       |       0.388232       |       0.118362       |       0.135743       |
|    3     |       24.271970      |       0.560159       |       0.331798       |       0.111301       |       0.127405       |
|    4     |       20.720896      |       0.543356       |       0.291065       |       0.042233       |       0.049732       |
|    5     |       19.419746      |       0.532512       |       0.270716       |       0.142407       |       0.151864       |
-------------------------------------------------------------------------------------------------------------------------------
|    6     |       17.489775      |       0.524985       |       0.248103       |       0.112675       |       0.122279       |
|    7     |       16.684265      |       0.518034       |       0.234731       |       0.105245       |       0.115882       |
|    8     |       14.888786      |       0.512545       |       0.221764       |       0.049618       |       0.056727       |
|    9     |       14.234556      |       0.506223       |       0.207116       |       0.036379       |       0.042033       |
|    10    |       12.688997      |       0.502123       |       0.195439       |       0.082619       |       0.089706       |
-------------------------------------------------------------------------------------------------------------------------------
|    11    |       12.299013      |       0.498523       |       0.188721       |       0.077713       |       0.089507       |
|    12    |       11.273490      |       0.494496       |       0.179972       |       0.073742       |       0.080202       |
|    13    |       10.952549      |       0.492608       |       0.175000       |       0.085595       |       0.095616       |
|    14    |       10.363890      |       0.489136       |       0.167964       |       0.026269       |       0.031528       |
|    15    |       9.602607       |       0.485940       |       0.160369       |       0.028004       |       0.033981       |
-------------------------------------------------------------------------------------------------------------------------------
|    16    |       9.585182       |       0.484351       |       0.157400       |       0.037760       |       0.043591       |
|    17    |       9.228868       |       0.484227       |       0.155470       |       0.077984       |       0.085792       |
|    18    |       8.471345       |       0.480743       |       0.148130       |       0.063272       |       0.070044       |
|    19    |       8.268284       |       0.478971       |       0.143966       |       0.039409       |       0.044985       |
|    20    |       7.532489       |       0.477010       |       0.140716       |       0.065713       |       0.074171       |
-------------------------------------------------------------------------------------------------------------------------------
|    21    |       7.522886       |       0.475832       |       0.136579       |       0.087687       |       0.095276       |
|    22    |       7.159492       |       0.474642       |       0.136424       |       0.039234       |       0.045750       |
|    23    |       6.813658       |       0.474421       |       0.133331       |       0.038644       |       0.044787       |
|    24    |       7.235990       |       0.473809       |       0.131271       |       0.060716       |       0.067739       |
|    25    |       6.627598       |       0.473217       |       0.131624       |       0.042067       |       0.048163       |
-------------------------------------------------------------------------------------------------------------------------------
|    26    |       5.487902       |       0.469128       |       0.121156       |       0.029592       |       0.035201       |
|    27    |       4.755841       |       0.465891       |       0.112007       |       0.026581       |       0.031549       |
|    28    |       4.422619       |       0.463802       |       0.109509       |       0.028187       |       0.033567       |
|    29    |       4.363265       |       0.464783       |       0.108581       |       0.026585       |       0.031756       |
|    30    |       4.183558       |       0.463492       |       0.106809       |       0.025328       |       0.030167       |
-------------------------------------------------------------------------------------------------------------------------------
|    31    |       4.113735       |       0.463220       |       0.106202       |       0.028767       |       0.034106       |
|    32    |       4.020471       |       0.462663       |       0.105260       |       0.029140       |       0.034477       |
|    33    |       3.940650       |       0.462881       |       0.104417       |       0.029204       |       0.034814       |
|    34    |       3.866622       |       0.461768       |       0.103632       |       0.030715       |       0.036468       |
|    35    |       3.811632       |       0.461963       |       0.103180       |       0.028081       |       0.033443       |
-------------------------------------------------------------------------------------------------------------------------------
|    36    |       3.746698       |       0.461602       |       0.102636       |       0.032827       |       0.038694       |
|    37    |       3.699574       |       0.460883       |       0.102115       |       0.028457       |       0.033733       |
|    38    |       3.696203       |       0.461153       |       0.101709       |       0.031018       |       0.036755       |
|    39    |       3.576861       |       0.461574       |       0.100913       |       0.028025       |       0.033239       |
|    40    |       3.575270       |       0.461248       |       0.100703       |       0.026956       |       0.031916       |
-------------------------------------------------------------------------------------------------------------------------------
|    41    |       3.510375       |       0.461010       |       0.100112       |       0.039146       |       0.045122       |
|    42    |       3.514870       |       0.461308       |       0.099869       |       0.026808       |       0.031964       |
|    43    |       3.418730       |       0.460923       |       0.099114       |       0.035212       |       0.040967       |
|    44    |       3.362495       |       0.460619       |       0.098967       |       0.027739       |       0.033058       |
|    45    |       3.349669       |       0.459814       |       0.098554       |       0.028094       |       0.033188       |
-------------------------------------------------------------------------------------------------------------------------------
|    46    |       3.336965       |       0.460014       |       0.098256       |       0.036321       |       0.042138       |
|    47    |       3.272229       |       0.459512       |       0.097848       |       0.026866       |       0.031884       |
|    48    |       3.269797       |       0.459299       |       0.097404       |       0.029248       |       0.034693       |
|    49    |       3.219622       |       0.459403       |       0.097082       |       0.038746       |       0.044207       |
|    50    |       3.173670       |       0.458747       |       0.096665       |       0.026493       |       0.031615       |
-------------------------------------------------------------------------------------------------------------------------------
|    51    |       3.122076       |       0.458902       |       0.096007       |       0.031263       |       0.036718       |
|    52    |       3.121844       |       0.458600       |       0.095755       |       0.030980       |       0.036254       |
|    53    |       3.094642       |       0.458408       |       0.095750       |       0.025677       |       0.030607       |
|    54    |       3.107689       |       0.459410       |       0.095720       |       0.027277       |       0.032538       |
|    55    |       3.093168       |       0.458959       |       0.095632       |       0.026309       |       0.031246       |
-------------------------------------------------------------------------------------------------------------------------------
|    56    |       3.081649       |       0.458462       |       0.095496       |       0.036717       |       0.042278       |
|    57    |       3.071188       |       0.459005       |       0.095582       |       0.034112       |       0.039686       |
|    58    |       3.081081       |       0.458045       |       0.095468       |       0.034644       |       0.040275       |
|    59    |       3.063387       |       0.458588       |       0.095257       |       0.038174       |       0.043438       |
|    60    |       3.049123       |       0.458322       |       0.095374       |       0.024608       |       0.029270       |
-------------------------------------------------------------------------------------------------------------------------------
|    61    |       3.073952       |       0.458050       |       0.095319       |       0.030956       |       0.036273       |
|    62    |       3.048071       |       0.458536       |       0.095255       |       0.033152       |       0.038626       |
|    63    |       3.060659       |       0.458429       |       0.095203       |       0.040238       |       0.045639       |
|    64    |       3.045912       |       0.458124       |       0.095085       |       0.031365       |       0.036926       |
|    65    |       3.027499       |       0.458123       |       0.094858       |       0.032702       |       0.038348       |
-------------------------------------------------------------------------------------------------------------------------------
|    66    |       3.035914       |       0.458293       |       0.095015       |       0.028316       |       0.033420       |
|    67    |       3.052869       |       0.458014       |       0.094871       |       0.039180       |       0.044687       |
|    68    |       3.040965       |       0.457532       |       0.094738       |       0.038289       |       0.043708       |
|    69    |       3.050928       |       0.458445       |       0.094910       |       0.028440       |       0.033700       |
|    70    |       3.017354       |       0.458142       |       0.094850       |       0.035197       |       0.040503       |
-------------------------------------------------------------------------------------------------------------------------------
|    71    |       3.029290       |       0.458134       |       0.094946       |       0.039688       |       0.045062       |
|    72    |       2.970073       |       0.458183       |       0.094726       |       0.038835       |       0.044545       |
|    73    |       3.023257       |       0.457525       |       0.094821       |       0.029980       |       0.035295       |
|    74    |       3.028285       |       0.458013       |       0.094933       |       0.032629       |       0.037910       |
|    75    |       3.037151       |       0.457916       |       0.094928       |       0.026492       |       0.031515       |
-------------------------------------------------------------------------------------------------------------------------------
|    76    |       3.016249       |       0.458320       |       0.094669       |       0.030844       |       0.036290       |
|    77    |       2.983887       |       0.458526       |       0.094594       |       0.036254       |       0.042021       |
|    78    |       3.003419       |       0.458575       |       0.094834       |       0.034528       |       0.040282       |
|    79    |       3.012357       |       0.457983       |       0.094740       |       0.042073       |       0.047720       |
|    80    |       3.004519       |       0.458225       |       0.094584       |       0.034122       |       0.039651       |
-------------------------------------------------------------------------------------------------------------------------------
|    81    |       2.954714       |       0.458347       |       0.094622       |       0.033498       |       0.039082       |
|    82    |       2.991252       |       0.458479       |       0.094679       |       0.036993       |       0.042401       |
|    83    |       2.991912       |       0.458414       |       0.094869       |       0.035032       |       0.040467       |
|    84    |       3.002009       |       0.457491       |       0.094610       |       0.029954       |       0.035193       |
|    85    |       3.026107       |       0.457913       |       0.094679       |       0.031477       |       0.037010       |
-------------------------------------------------------------------------------------------------------------------------------
|    86    |       2.993208       |       0.458128       |       0.094597       |       0.037459       |       0.042952       |
|    87    |       2.989709       |       0.458321       |       0.094551       |       0.027398       |       0.032462       |
|    88    |       2.990471       |       0.457939       |       0.094764       |       0.039439       |       0.045008       |
|    89    |       3.008478       |       0.457680       |       0.094726       |       0.027498       |       0.032706       |
|    90    |       3.003302       |       0.458016       |       0.094648       |       0.037542       |       0.043187       |
-------------------------------------------------------------------------------------------------------------------------------
|    91    |       2.976887       |       0.457951       |       0.094591       |       0.030631       |       0.036212       |
|    92    |       2.985440       |       0.458263       |       0.094650       |       0.036451       |       0.042094       |
|    93    |       3.005662       |       0.457952       |       0.094569       |       0.033243       |       0.038562       |
|    94    |       3.029196       |       0.457649       |       0.094722       |       0.034064       |       0.039695       |
|    95    |       2.992059       |       0.458991       |       0.094641       |       0.033819       |       0.039053       |
-------------------------------------------------------------------------------------------------------------------------------
|    96    |       3.003037       |       0.458421       |       0.094644       |       0.036669       |       0.042070       |
|    97    |       2.987873       |       0.458091       |       0.094645       |       0.030830       |       0.036215       |
|    98    |       3.024640       |       0.458899       |       0.094700       |       0.036845       |       0.042173       |
|    99    |       2.973850       |       0.457894       |       0.094501       |       0.034657       |       0.040190       |
|    100   |       3.016061       |       0.457907       |       0.094787       |       0.030760       |       0.036023       |
-------------------------------------------------------------------------------------------------------------------------------
