Training Results - Started at: 2025-06-08 00:51:32
Training Completed - Ended at: 2025-06-08 15:38:22
------------------------------------------------------------------------------------------------------------------------------
|  Epoch   |    Semantic Loss  |    Detail Loss   |    Matte Loss    |       MSE        |       MAD      |  Inference Time   |
------------------------------------------------------------------------------------------------------------------------------
|    1     |     39.818074     |     0.706058     |     0.617411     |     0.105046     |    0.126706    |       14.74       |
|    2     |     25.257907     |     0.595900     |     0.386808     |     0.080325     |    0.092547    |       14.57       |
|    3     |     20.842915     |     0.565953     |     0.325592     |     0.135933     |    0.149463    |       14.36       |
|    4     |     17.528266     |     0.550342     |     0.291759     |     0.114254     |    0.127193    |       15.92       |
|    5     |     16.011215     |     0.535055     |     0.261135     |     0.124704     |    0.138865    |       16.70       |
------------------------------------------------------------------------------------------------------------------------------
|    6     |     14.167530     |     0.521759     |     0.233082     |     0.063584     |    0.073028    |       14.55       |
|    7     |     13.087306     |     0.513773     |     0.217202     |     0.049835     |    0.057903    |       15.97       |
|    8     |     12.469642     |     0.510113     |     0.208932     |     0.068220     |    0.077410    |       14.45       |
|    9     |     12.006309     |     0.504908     |     0.199034     |     0.066092     |    0.075007    |       16.33       |
|    10    |     10.983337     |     0.501861     |     0.192954     |     0.102304     |    0.115244    |       14.47       |
------------------------------------------------------------------------------------------------------------------------------
|    11    |     10.306979     |     0.498001     |     0.184936     |     0.037645     |    0.044677    |       14.58       |
|    12    |     9.386033      |     0.494017     |     0.172187     |     0.065980     |    0.077921    |       14.59       |
|    13    |     9.242526      |     0.491901     |     0.168252     |     0.068349     |    0.074852    |       14.62       |
|    14    |     8.782391      |     0.488703     |     0.164312     |     0.044711     |    0.051728    |       16.27       |
|    15    |     7.783749      |     0.488400     |     0.157757     |     0.038601     |    0.043841    |       16.00       |
------------------------------------------------------------------------------------------------------------------------------
|    16    |     7.593958      |     0.484175     |     0.150589     |     0.030582     |    0.035804    |       15.98       |
|    17    |     7.113429      |     0.481727     |     0.146637     |     0.029800     |    0.034897    |       14.75       |
|    18    |     6.381678      |     0.478091     |     0.137874     |     0.062265     |    0.069792    |       14.93       |
|    19    |     6.372589      |     0.477274     |     0.136384     |     0.052873     |    0.060084    |       14.46       |
|    20    |     6.566972      |     0.475505     |     0.134616     |     0.051599     |    0.057960    |       14.23       |
------------------------------------------------------------------------------------------------------------------------------
|    21    |     5.933029      |     0.474674     |     0.130977     |     0.049221     |    0.055742    |       15.50       |
|    22    |     5.302518      |     0.472658     |     0.125879     |     0.119265     |    0.126286    |       14.36       |
|    23    |     5.361017      |     0.471430     |     0.122443     |     0.035981     |    0.041540    |       14.60       |
|    24    |     5.884537      |     0.471742     |     0.125656     |     0.026283     |    0.031257    |       15.64       |
|    25    |     5.110474      |     0.470740     |     0.123975     |     0.027678     |    0.032480    |       15.90       |
------------------------------------------------------------------------------------------------------------------------------
|    26    |     4.052667      |     0.465214     |     0.110568     |     0.025773     |    0.030669    |       15.01       |
|    27    |     3.603482      |     0.462599     |     0.104174     |     0.024703     |    0.029527    |       15.62       |
|    28    |     3.464842      |     0.461939     |     0.102565     |     0.025694     |    0.030545    |       16.13       |
|    29    |     3.325635      |     0.461454     |     0.101246     |     0.028287     |    0.033153    |       14.79       |
|    30    |     3.263135      |     0.460902     |     0.100462     |     0.023843     |    0.028418    |       15.40       |
------------------------------------------------------------------------------------------------------------------------------
|    31    |     3.189975      |     0.460878     |     0.099634     |     0.027321     |    0.031945    |       14.52       |
|    32    |     3.162707      |     0.460658     |     0.099190     |     0.026332     |    0.030961    |       15.88       |
|    33    |     3.077084      |     0.460597     |     0.098430     |     0.026234     |    0.030695    |       15.62       |
|    34    |     3.057682      |     0.459023     |     0.097694     |     0.027344     |    0.032087    |       15.39       |
|    35    |     2.958145      |     0.459991     |     0.096999     |     0.025880     |    0.030376    |       15.91       |
------------------------------------------------------------------------------------------------------------------------------
|    36    |     2.954665      |     0.458879     |     0.096611     |     0.027874     |    0.032606    |       14.66       |
|    37    |     2.889258      |     0.458525     |     0.096264     |     0.028749     |    0.033385    |       15.57       |
|    38    |     2.827435      |     0.459424     |     0.095644     |     0.027320     |    0.032040    |       15.47       |
|    39    |     2.814548      |     0.459131     |     0.095331     |     0.026211     |    0.030672    |       14.04       |
|    40    |     2.789734      |     0.457836     |     0.094663     |     0.026916     |    0.031452    |       13.99       |
------------------------------------------------------------------------------------------------------------------------------
|    41    |     2.707171      |     0.458260     |     0.094466     |     0.027512     |    0.031936    |       14.19       |
|    42    |     2.721273      |     0.458053     |     0.093922     |     0.026329     |    0.030710    |       15.98       |
|    43    |     2.676385      |     0.458492     |     0.093689     |     0.028118     |    0.032543    |       14.66       |
|    44    |     2.639581      |     0.457907     |     0.093380     |     0.027477     |    0.031929    |       14.72       |
|    45    |     2.621027      |     0.458162     |     0.093021     |     0.026596     |    0.030935    |       14.08       |
------------------------------------------------------------------------------------------------------------------------------
|    46    |     2.566484      |     0.457397     |     0.092562     |     0.029056     |    0.033581    |       15.91       |
|    47    |     2.574125      |     0.457061     |     0.092245     |     0.027128     |    0.031586    |       16.02       |
|    48    |     2.509567      |     0.457097     |     0.091750     |     0.026847     |    0.031166    |       14.04       |
|    49    |     2.494910      |     0.456811     |     0.091490     |     0.027033     |    0.031323    |       14.98       |
|    50    |     2.484394      |     0.457886     |     0.091267     |     0.027631     |    0.031891    |       15.71       |
------------------------------------------------------------------------------------------------------------------------------
|    51    |     2.449264      |     0.457136     |     0.090930     |     0.026666     |    0.030931    |       14.39       |
|    52    |     2.464627      |     0.456086     |     0.090745     |     0.026678     |    0.031014    |       14.06       |
|    53    |     2.433693      |     0.456425     |     0.090420     |     0.027761     |    0.032188    |       14.30       |
|    54    |     2.437555      |     0.456148     |     0.090460     |     0.026969     |    0.031312    |       15.87       |
|    55    |     2.425161      |     0.457180     |     0.090535     |     0.026956     |    0.031269    |       14.13       |
------------------------------------------------------------------------------------------------------------------------------
|    56    |     2.399681      |     0.456551     |     0.090347     |     0.026476     |    0.030812    |       15.53       |
|    57    |     2.421820      |     0.455675     |     0.090435     |     0.027447     |    0.031943    |       13.74       |
|    58    |     2.433435      |     0.456224     |     0.090402     |     0.027270     |    0.031546    |       14.46       |
|    59    |     2.429894      |     0.456246     |     0.090346     |     0.027232     |    0.031464    |       14.86       |
|    60    |     2.408108      |     0.456331     |     0.090326     |     0.027322     |    0.031731    |       13.85       |
------------------------------------------------------------------------------------------------------------------------------
|    61    |     2.399407      |     0.456220     |     0.090275     |     0.026901     |    0.031240    |       14.22       |
|    62    |     2.401489      |     0.456552     |     0.090155     |     0.026650     |    0.030990    |       14.97       |
|    63    |     2.415488      |     0.456874     |     0.090209     |     0.026799     |    0.031042    |       15.55       |
|    64    |     2.388605      |     0.456648     |     0.089976     |     0.027272     |    0.031580    |       15.45       |
|    65    |     2.391925      |     0.456903     |     0.090019     |     0.027484     |    0.031743    |       14.46       |
------------------------------------------------------------------------------------------------------------------------------
|    66    |     2.392447      |     0.456050     |     0.090130     |     0.027534     |    0.031782    |       14.96       |
|    67    |     2.388217      |     0.456822     |     0.089932     |     0.027354     |    0.031788    |       15.53       |
|    68    |     2.374763      |     0.456697     |     0.089951     |     0.026573     |    0.030918    |       15.33       |
|    69    |     2.383420      |     0.456131     |     0.089770     |     0.027501     |    0.031989    |       15.39       |
|    70    |     2.373056      |     0.456779     |     0.089836     |     0.026371     |    0.030682    |       15.96       |
------------------------------------------------------------------------------------------------------------------------------
|    71    |     2.360907      |     0.456233     |     0.089854     |     0.027258     |    0.031535    |       15.50       |
|    72    |     2.361823      |     0.456237     |     0.089811     |     0.026046     |    0.030324    |       15.38       |
|    73    |     2.340710      |     0.457059     |     0.089651     |     0.026445     |    0.030757    |       14.14       |
|    74    |     2.368063      |     0.457058     |     0.089820     |     0.026924     |    0.031309    |       14.47       |
|    75    |     2.353054      |     0.456109     |     0.089598     |     0.026998     |    0.031217    |       15.45       |
------------------------------------------------------------------------------------------------------------------------------
|    76    |     2.376243      |     0.456087     |     0.089755     |     0.026689     |    0.031112    |       13.89       |
|    77    |     2.339817      |     0.455839     |     0.089642     |     0.028224     |    0.032628    |       14.55       |
|    78    |     2.348762      |     0.456277     |     0.089695     |     0.027445     |    0.031930    |       15.25       |
|    79    |     2.367586      |     0.456271     |     0.089528     |     0.026662     |    0.031092    |       14.43       |
|    80    |     2.350461      |     0.456406     |     0.089670     |     0.026556     |    0.030850    |       15.65       |
------------------------------------------------------------------------------------------------------------------------------
|    81    |     2.364829      |     0.456405     |     0.089675     |     0.026296     |    0.030673    |       14.17       |
|    82    |     2.357678      |     0.456076     |     0.089582     |     0.026886     |    0.031191    |       15.01       |
|    83    |     2.348435      |     0.455790     |     0.089633     |     0.026636     |    0.030985    |       14.27       |
|    84    |     2.354927      |     0.455442     |     0.089486     |     0.026810     |    0.031118    |       15.88       |
|    85    |     2.359237      |     0.456417     |     0.089705     |     0.027043     |    0.031318    |       15.83       |
------------------------------------------------------------------------------------------------------------------------------
|    86    |     2.370654      |     0.455978     |     0.089579     |     0.026639     |    0.031097    |       14.25       |
|    87    |     2.341902      |     0.456309     |     0.089644     |     0.026988     |    0.031355    |       15.84       |
|    88    |     2.348741      |     0.456422     |     0.089547     |     0.026670     |    0.031017    |       16.29       |
|    89    |     2.337935      |     0.456554     |     0.089518     |     0.026287     |    0.030621    |       15.84       |
|    90    |     2.333215      |     0.456460     |     0.089670     |     0.026545     |    0.030865    |       14.36       |
------------------------------------------------------------------------------------------------------------------------------
|    91    |     2.359998      |     0.456198     |     0.089521     |     0.027124     |    0.031369    |       13.90       |
|    92    |     2.338144      |     0.455760     |     0.089496     |     0.026406     |    0.030721    |       14.03       |
|    93    |     2.342168      |     0.456658     |     0.089576     |     0.027719     |    0.032095    |       14.84       |
|    94    |     2.356842      |     0.456621     |     0.089522     |     0.027358     |    0.031803    |       15.73       |
|    95    |     2.376845      |     0.456048     |     0.089616     |     0.027667     |    0.032095    |       14.11       |
------------------------------------------------------------------------------------------------------------------------------
|    96    |     2.346542      |     0.456301     |     0.089477     |     0.026688     |    0.031061    |       14.40       |
|    97    |     2.350632      |     0.455760     |     0.089748     |     0.026855     |    0.031247    |       16.06       |
|    98    |     2.356034      |     0.456619     |     0.089610     |     0.026393     |    0.030634    |       15.10       |
|    99    |     2.357590      |     0.455527     |     0.089511     |     0.026268     |    0.030578    |       14.77       |
|   100    |     2.358569      |     0.456313     |     0.089683     |     0.026533     |    0.030845    |       15.51       |
------------------------------------------------------------------------------------------------------------------------------
