Training Results - Started at: 2025-06-27 15:14:47
Training Completed - Ended at: 2025-06-28 14:26:39
------------------------------------------------------------------------------------------------------------------------------
|  Epoch   |    Semantic Loss  |    Detail Loss   |    Matte Loss    |       MSE        |       MAD      |  Inference Time   |
------------------------------------------------------------------------------------------------------------------------------
|    1     |     37.923830     |     0.714919     |     0.634184     |     0.169131     |    0.184490    |       17.52       |
|    2     |     24.135804     |     0.582487     |     0.371125     |     0.117124     |    0.130433    |       15.19       |
|    3     |     19.519336     |     0.551018     |     0.305168     |     0.114806     |    0.130863    |       15.96       |
|    4     |     17.182549     |     0.535293     |     0.269770     |     0.046930     |    0.056486    |       16.07       |
|    5     |     14.731867     |     0.522955     |     0.240149     |     0.042389     |    0.049905    |       14.80       |
------------------------------------------------------------------------------------------------------------------------------
|    6     |     13.614733     |     0.515650     |     0.223157     |     0.208735     |    0.222332    |       16.26       |
|    7     |     12.282336     |     0.509383     |     0.210876     |     0.065423     |    0.072759    |       15.10       |
|    8     |     11.359960     |     0.502995     |     0.194752     |     0.027465     |    0.032231    |       16.04       |
|    9     |     10.703525     |     0.499691     |     0.188376     |     0.129880     |    0.138680    |       14.85       |
|    10    |     10.529819     |     0.497551     |     0.183421     |     0.032810     |    0.037956    |       16.00       |
------------------------------------------------------------------------------------------------------------------------------
|    11    |     9.333205      |     0.492344     |     0.171112     |     0.108183     |    0.117546    |       14.78       |
|    12    |     8.946307      |     0.491102     |     0.169170     |     0.084812     |    0.090097    |       16.06       |
|    13    |     8.212266      |     0.486111     |     0.156021     |     0.069229     |    0.074948    |       14.76       |
|    14    |     7.723694      |     0.482465     |     0.148256     |     0.070377     |    0.077121    |       16.25       |
|    15    |     7.339850      |     0.480741     |     0.144543     |     0.052483     |    0.057226    |       14.67       |
------------------------------------------------------------------------------------------------------------------------------
|    16    |     6.830290      |     0.478323     |     0.139282     |     0.059069     |    0.065055    |       14.62       |
|    17    |     6.362877      |     0.476298     |     0.133640     |     0.065271     |    0.070902    |       16.17       |
|    18    |     6.116914      |     0.474200     |     0.128907     |     0.026353     |    0.030797    |       14.84       |
|    19    |     6.493898      |     0.473314     |     0.128405     |     0.075609     |    0.080327    |       16.00       |
|    20    |     6.131637      |     0.472705     |     0.127235     |     0.100592     |    0.107921    |       16.09       |
------------------------------------------------------------------------------------------------------------------------------
|    21    |     6.604445      |     0.472481     |     0.127875     |     0.077574     |    0.083077    |       14.35       |
|    22    |     6.586280      |     0.478033     |     0.148153     |     0.097719     |    0.103606    |       14.99       |
|    23    |     5.500602      |     0.469861     |     0.123145     |     0.065483     |    0.070950    |       14.26       |
|    24    |     5.306664      |     0.466364     |     0.115761     |     0.041313     |    0.046612    |       14.77       |
|    25    |     5.279506      |     0.468862     |     0.120864     |     0.025811     |    0.029960    |       15.84       |
------------------------------------------------------------------------------------------------------------------------------
|    26    |     4.479740      |     0.464525     |     0.109136     |     0.030339     |    0.034743    |       15.90       |
|    27    |     3.951261      |     0.461406     |     0.102438     |     0.044670     |    0.048835    |       16.41       |
|    28    |     3.811724      |     0.460971     |     0.100591     |     0.042552     |    0.046862    |       15.76       |
|    29    |     3.712410      |     0.460847     |     0.099368     |     0.043165     |    0.047467    |       15.82       |
|    30    |     3.581569      |     0.460678     |     0.098067     |     0.038424     |    0.042814    |       15.52       |
------------------------------------------------------------------------------------------------------------------------------
|    31    |     3.561828      |     0.459855     |     0.097516     |     0.031452     |    0.035678    |       15.83       |
|    32    |     3.463164      |     0.459515     |     0.096691     |     0.039541     |    0.043902    |       16.05       |
|    33    |     3.451901      |     0.458018     |     0.096071     |     0.033855     |    0.038127    |       15.52       |
|    34    |     3.411310      |     0.458664     |     0.095539     |     0.033858     |    0.038141    |       16.02       |
|    35    |     3.357644      |     0.458424     |     0.095017     |     0.034260     |    0.038518    |       14.97       |
------------------------------------------------------------------------------------------------------------------------------
|    36    |     3.312473      |     0.458745     |     0.094522     |     0.031807     |    0.036083    |       16.10       |
|    37    |     3.312797      |     0.458557     |     0.094336     |     0.035092     |    0.039471    |       15.86       |
|    38    |     3.258305      |     0.457714     |     0.093964     |     0.036888     |    0.041427    |       16.10       |
|    39    |     3.204667      |     0.457961     |     0.093183     |     0.034214     |    0.038713    |       14.78       |
|    40    |     3.172047      |     0.457610     |     0.092869     |     0.030472     |    0.034710    |       14.71       |
------------------------------------------------------------------------------------------------------------------------------
|    41    |     3.164626      |     0.457969     |     0.092495     |     0.035636     |    0.040287    |       15.77       |
|    42    |     3.161870      |     0.457196     |     0.092080     |     0.042892     |    0.047441    |       14.97       |
|    43    |     3.093010      |     0.457484     |     0.091603     |     0.043015     |    0.047469    |       14.14       |
|    44    |     3.083184      |     0.457185     |     0.091412     |     0.031193     |    0.035419    |       15.34       |
|    45    |     3.057700      |     0.457075     |     0.091065     |     0.036488     |    0.041129    |       14.87       |
------------------------------------------------------------------------------------------------------------------------------
|    46    |     3.031444      |     0.456641     |     0.090761     |     0.039672     |    0.044305    |       14.85       |
|    47    |     3.014166      |     0.456296     |     0.090510     |     0.037252     |    0.041750    |       15.48       |
|    48    |     3.009055      |     0.456611     |     0.090209     |     0.028333     |    0.032774    |       15.58       |
|    49    |     2.982341      |     0.456042     |     0.089845     |     0.040938     |    0.045553    |       14.59       |
|    50    |     2.969777      |     0.456207     |     0.089555     |     0.031603     |    0.035975    |       15.24       |
------------------------------------------------------------------------------------------------------------------------------
|    51    |     2.923947      |     0.455608     |     0.089024     |     0.037771     |    0.042172    |       14.33       |
|    52    |     2.905408      |     0.455409     |     0.089021     |     0.038232     |    0.042848    |       15.09       |
|    53    |     2.911454      |     0.455614     |     0.088824     |     0.031923     |    0.036294    |       15.86       |
|    54    |     2.900189      |     0.455820     |     0.088898     |     0.036397     |    0.040918    |       14.39       |
|    55    |     2.942414      |     0.456113     |     0.088938     |     0.031240     |    0.035551    |       15.70       |
------------------------------------------------------------------------------------------------------------------------------
|    56    |     2.882180      |     0.456033     |     0.088602     |     0.032401     |    0.036733    |       14.71       |
|    57    |     2.932749      |     0.455501     |     0.088762     |     0.030418     |    0.034863    |       14.69       |
|    58    |     2.904972      |     0.455244     |     0.088588     |     0.041105     |    0.045735    |       15.56       |
|    59    |     2.895930      |     0.455100     |     0.088648     |     0.027926     |    0.032313    |       15.78       |
|    60    |     2.872393      |     0.455289     |     0.088471     |     0.039654     |    0.044238    |       15.17       |
------------------------------------------------------------------------------------------------------------------------------
|    61    |     2.925586      |     0.455283     |     0.088598     |     0.032976     |    0.037300    |       14.14       |
|    62    |     2.867341      |     0.455087     |     0.088414     |     0.035979     |    0.040438    |       14.49       |
|    63    |     2.860094      |     0.455099     |     0.088423     |     0.031858     |    0.036204    |       15.07       |
|    64    |     2.892749      |     0.455567     |     0.088517     |     0.034791     |    0.039449    |       14.20       |
|    65    |     2.882324      |     0.455499     |     0.088463     |     0.032017     |    0.036373    |       14.06       |
------------------------------------------------------------------------------------------------------------------------------
|    66    |     2.870857      |     0.455570     |     0.088281     |     0.032435     |    0.036884    |       14.27       |
|    67    |     2.866461      |     0.455388     |     0.088345     |     0.035564     |    0.039973    |       14.22       |
|    68    |     2.856907      |     0.455161     |     0.088125     |     0.031705     |    0.036153    |       14.53       |
|    69    |     2.878287      |     0.455184     |     0.088214     |     0.034577     |    0.039321    |       14.66       |
|    70    |     2.888609      |     0.456112     |     0.088320     |     0.030725     |    0.035105    |       14.97       |
------------------------------------------------------------------------------------------------------------------------------
|    71    |     2.870736      |     0.454969     |     0.088143     |     0.033055     |    0.037518    |       15.96       |
|    72    |     2.850117      |     0.455106     |     0.088218     |     0.036268     |    0.041064    |       15.83       |
|    73    |     2.865629      |     0.455850     |     0.088125     |     0.033424     |    0.037853    |       15.79       |
|    74    |     2.838723      |     0.456393     |     0.088075     |     0.038646     |    0.043135    |       16.10       |
|    75    |     2.858359      |     0.454948     |     0.088171     |     0.032301     |    0.036636    |       16.21       |
------------------------------------------------------------------------------------------------------------------------------
|    76    |     2.864125      |     0.455521     |     0.088096     |     0.037225     |    0.041844    |       15.76       |
|    77    |     2.861806      |     0.455455     |     0.088121     |     0.034378     |    0.038925    |       14.42       |
|    78    |     2.858623      |     0.455782     |     0.088123     |     0.034859     |    0.039331    |       14.92       |
|    79    |     2.850417      |     0.455724     |     0.088149     |     0.032276     |    0.036552    |       15.11       |
|    80    |     2.873911      |     0.455679     |     0.088370     |     0.038733     |    0.043370    |       14.55       |
------------------------------------------------------------------------------------------------------------------------------
|    81    |     2.839346      |     0.455808     |     0.088127     |     0.028393     |    0.032720    |       14.06       |
|    82    |     2.876131      |     0.455812     |     0.088204     |     0.030143     |    0.034504    |       15.37       |
|    83    |     2.843333      |     0.455467     |     0.088125     |     0.032826     |    0.037302    |       14.97       |
|    84    |     2.862962      |     0.455485     |     0.088256     |     0.028219     |    0.032547    |       15.27       |
|    85    |     2.860755      |     0.455316     |     0.088100     |     0.036688     |    0.041256    |       14.75       |
------------------------------------------------------------------------------------------------------------------------------
|    86    |     2.827198      |     0.454622     |     0.088079     |     0.035988     |    0.040502    |       14.60       |
|    87    |     2.832224      |     0.454787     |     0.088134     |     0.034780     |    0.039283    |       15.11       |
|    88    |     2.877480      |     0.455013     |     0.088222     |     0.030977     |    0.035335    |       14.67       |
|    89    |     2.845482      |     0.455946     |     0.088034     |     0.034536     |    0.039104    |       14.98       |
|    90    |     2.859217      |     0.455650     |     0.088175     |     0.033447     |    0.037831    |       13.93       |
------------------------------------------------------------------------------------------------------------------------------
|    91    |     2.852217      |     0.455112     |     0.088052     |     0.027970     |    0.032251    |       14.02       |
|    92    |     2.863606      |     0.454842     |     0.087950     |     0.031913     |    0.036224    |       15.00       |
|    93    |     2.870293      |     0.455101     |     0.088214     |     0.033043     |    0.037603    |       14.32       |
|    94    |     2.845170      |     0.455400     |     0.088052     |     0.033569     |    0.037961    |       15.31       |
|    95    |     2.887016      |     0.455641     |     0.088061     |     0.035869     |    0.040469    |       14.16       |
------------------------------------------------------------------------------------------------------------------------------
|    96    |     2.867043      |     0.455782     |     0.088106     |     0.031718     |    0.036026    |       15.74       |
|    97    |     2.839960      |     0.455288     |     0.088211     |     0.038714     |    0.043251    |       14.01       |
|    98    |     2.850612      |     0.455346     |     0.088038     |     0.038627     |    0.043244    |       15.17       |
|    99    |     2.849141      |     0.455279     |     0.088038     |     0.035220     |    0.039790    |       15.56       |
|   100    |     2.855118      |     0.454998     |     0.088031     |     0.032280     |    0.036653    |       14.74       |
------------------------------------------------------------------------------------------------------------------------------
